  -2.100   -2.100   -2.100       0.000000
  -2.100   -2.100   -1.500       0.000000
  -2.100   -2.100   -0.900       0.000000
  -2.100   -2.100   -0.300       0.000000
  -2.100   -2.100    0.300       0.000000
  -2.100   -2.100    0.900       0.000000
  -2.100   -2.100    1.500       0.000000
  -2.100   -2.100    2.100       0.000000
  -2.100   -1.500   -2.100       0.000000
  -2.100   -1.500   -1.500       0.000000
  -2.100   -1.500   -0.900       0.000000
  -2.100   -1.500   -0.300       0.000000
  -2.100   -1.500    0.300       0.000000
  -2.100   -1.500    0.900       0.000000
  -2.100   -1.500    1.500       0.000000
  -2.100   -1.500    2.100       0.000000
  -2.100   -0.900   -2.100       0.000000
  -2.100   -0.900   -1.500       0.000000
  -2.100   -0.900   -0.900       0.000000
  -2.100   -0.900   -0.300       0.000000
  -2.100   -0.900    0.300       0.000000
  -2.100   -0.900    0.900       0.000000
  -2.100   -0.900    1.500       0.000000
  -2.100   -0.900    2.100       0.000000
  -2.100   -0.300   -2.100       0.000000
  -2.100   -0.300   -1.500       0.000000
  -2.100   -0.300   -0.900       0.000000
  -2.100   -0.300   -0.300       0.000000
  -2.100   -0.300    0.300       0.000000
  -2.100   -0.300    0.900       0.000000
  -2.100   -0.300    1.500       0.000000
  -2.100   -0.300    2.100       0.000000
  -2.100    0.300   -2.100       0.000000
  -2.100    0.300   -1.500       0.000000
  -2.100    0.300   -0.900       0.000000
  -2.100    0.300   -0.300       0.000000
  -2.100    0.300    0.300       0.000000
  -2.100    0.300    0.900       0.000000
  -2.100    0.300    1.500       0.000000
  -2.100    0.300    2.100       0.000000
  -2.100    0.900   -2.100       0.000000
  -2.100    0.900   -1.500       0.000000
  -2.100    0.900   -0.900       0.000000
  -2.100    0.900   -0.300       0.000000
  -2.100    0.900    0.300       0.000000
  -2.100    0.900    0.900       0.000000
  -2.100    0.900    1.500       0.000000
  -2.100    0.900    2.100       0.000000
  -2.100    1.500   -2.100       0.000000
  -2.100    1.500   -1.500       0.000000
  -2.100    1.500   -0.900       0.000000
  -2.100    1.500   -0.300       0.000000
  -2.100    1.500    0.300       0.000000
  -2.100    1.500    0.900       0.000000
  -2.100    1.500    1.500       0.000000
  -2.100    1.500    2.100       0.000000
  -2.100    2.100   -2.100       0.000000
  -2.100    2.100   -1.500       0.000000
  -2.100    2.100   -0.900       0.000000
  -2.100    2.100   -0.300       0.000000
  -2.100    2.100    0.300       0.000000
  -2.100    2.100    0.900       0.000000
  -2.100    2.100    1.500       0.000000
  -2.100    2.100    2.100       0.000000
  -1.500   -2.100   -2.100       0.000000
  -1.500   -2.100   -1.500       0.000000
  -1.500   -2.100   -0.900       0.000000
  -1.500   -2.100   -0.300       0.000000
  -1.500   -2.100    0.300       0.000000
  -1.500   -2.100    0.900       0.000000
  -1.500   -2.100    1.500       0.000000
  -1.500   -2.100    2.100       0.000000
  -1.500   -1.500   -2.100       0.000000
  -1.500   -1.500   -1.500       0.000000
  -1.500   -1.500   -0.900       0.000000
  -1.500   -1.500   -0.300       0.000000
  -1.500   -1.500    0.300       0.000000
  -1.500   -1.500    0.900       0.000000
  -1.500   -1.500    1.500       0.000000
  -1.500   -1.500    2.100       0.000000
  -1.500   -0.900   -2.100       0.000000
  -1.500   -0.900   -1.500       0.000000
  -1.500   -0.900   -0.900       0.000000
  -1.500   -0.900   -0.300       0.000000
  -1.500   -0.900    0.300       0.000000
  -1.500   -0.900    0.900       0.000000
  -1.500   -0.900    1.500       0.000000
  -1.500   -0.900    2.100       0.000000
  -1.500   -0.300   -2.100       0.000000
  -1.500   -0.300   -1.500       0.000000
  -1.500   -0.300   -0.900       0.000000
  -1.500   -0.300   -0.300       0.000000
  -1.500   -0.300    0.300       0.000000
  -1.500   -0.300    0.900       0.000000
  -1.500   -0.300    1.500       0.000000
  -1.500   -0.300    2.100       0.000000
  -1.500    0.300   -2.100       0.000000
  -1.500    0.300   -1.500       0.000000
  -1.500    0.300   -0.900       0.000000
  -1.500    0.300   -0.300       0.000000
  -1.500    0.300    0.300       0.000000
  -1.500    0.300    0.900       0.000000
  -1.500    0.300    1.500       0.000000
  -1.500    0.300    2.100       0.000000
  -1.500    0.900   -2.100       0.000000
  -1.500    0.900   -1.500       0.000000
  -1.500    0.900   -0.900       0.000000
  -1.500    0.900   -0.300       0.000000
  -1.500    0.900    0.300       0.000000
  -1.500    0.900    0.900       0.000000
  -1.500    0.900    1.500       0.000000
  -1.500    0.900    2.100       0.000000
  -1.500    1.500   -2.100       0.000000
  -1.500    1.500   -1.500       0.000000
  -1.500    1.500   -0.900       0.000000
  -1.500    1.500   -0.300       0.000000
  -1.500    1.500    0.300       0.000000
  -1.500    1.500    0.900       0.000000
  -1.500    1.500    1.500       0.000000
  -1.500    1.500    2.100       0.000000
  -1.500    2.100   -2.100       0.000000
  -1.500    2.100   -1.500       0.000000
  -1.500    2.100   -0.900       0.000000
  -1.500    2.100   -0.300       0.000000
  -1.500    2.100    0.300       0.000000
  -1.500    2.100    0.900       0.000000
  -1.500    2.100    1.500       0.000000
  -1.500    2.100    2.100       0.000000
  -0.900   -2.100   -2.100       0.000000
  -0.900   -2.100   -1.500       0.000000
  -0.900   -2.100   -0.900       0.000000
  -0.900   -2.100   -0.300       0.000000
  -0.900   -2.100    0.300       0.000000
  -0.900   -2.100    0.900       0.000000
  -0.900   -2.100    1.500       0.000000
  -0.900   -2.100    2.100       0.000000
  -0.900   -1.500   -2.100       0.000000
  -0.900   -1.500   -1.500       0.000000
  -0.900   -1.500   -0.900       0.000000
  -0.900   -1.500   -0.300       0.000000
  -0.900   -1.500    0.300       0.000000
  -0.900   -1.500    0.900       0.000000
  -0.900   -1.500    1.500       0.000000
  -0.900   -1.500    2.100       0.000000
  -0.900   -0.900   -2.100       0.000000
  -0.900   -0.900   -1.500       0.000000
  -0.900   -0.900   -0.900       0.000000
  -0.900   -0.900   -0.300       0.000000
  -0.900   -0.900    0.300       0.000000
  -0.900   -0.900    0.900       0.000000
  -0.900   -0.900    1.500       0.000000
  -0.900   -0.900    2.100       0.000000
  -0.900   -0.300   -2.100       0.000000
  -0.900   -0.300   -1.500       0.000000
  -0.900   -0.300   -0.900       0.000000
  -0.900   -0.300   -0.300       0.000000
  -0.900   -0.300    0.300       0.000000
  -0.900   -0.300    0.900       0.000000
  -0.900   -0.300    1.500       0.000000
  -0.900   -0.300    2.100       0.000000
  -0.900    0.300   -2.100       0.000000
  -0.900    0.300   -1.500       0.000000
  -0.900    0.300   -0.900       0.000000
  -0.900    0.300   -0.300       0.000000
  -0.900    0.300    0.300       0.000000
  -0.900    0.300    0.900       0.019972
  -0.900    0.300    1.500       0.012328
  -0.900    0.300    2.100       0.000000
  -0.900    0.900   -2.100       0.000000
  -0.900    0.900   -1.500       0.000000
  -0.900    0.900   -0.900       0.000000
  -0.900    0.900   -0.300       0.000000
  -0.900    0.900    0.300       0.000000
  -0.900    0.900    0.900       0.332478
  -0.900    0.900    1.500       0.205222
  -0.900    0.900    2.100       0.000000
  -0.900    1.500   -2.100       0.000000
  -0.900    1.500   -1.500       0.000000
  -0.900    1.500   -0.900       0.000000
  -0.900    1.500   -0.300       0.000000
  -0.900    1.500    0.300       0.000000
  -0.900    1.500    0.900       0.000000
  -0.900    1.500    1.500       0.000000
  -0.900    1.500    2.100       0.000000
  -0.900    2.100   -2.100       0.000000
  -0.900    2.100   -1.500       0.000000
  -0.900    2.100   -0.900       0.000000
  -0.900    2.100   -0.300       0.000000
  -0.900    2.100    0.300       0.000000
  -0.900    2.100    0.900       0.000000
  -0.900    2.100    1.500       0.000000
  -0.900    2.100    2.100       0.000000
  -0.300   -2.100   -2.100       0.000000
  -0.300   -2.100   -1.500       0.000000
  -0.300   -2.100   -0.900       0.000000
  -0.300   -2.100   -0.300       0.000000
  -0.300   -2.100    0.300       0.000000
  -0.300   -2.100    0.900       0.000000
  -0.300   -2.100    1.500       0.000000
  -0.300   -2.100    2.100       0.000000
  -0.300   -1.500   -2.100       0.000000
  -0.300   -1.500   -1.500       0.000000
  -0.300   -1.500   -0.900       0.000000
  -0.300   -1.500   -0.300       0.000000
  -0.300   -1.500    0.300       0.000000
  -0.300   -1.500    0.900       0.000000
  -0.300   -1.500    1.500       0.000000
  -0.300   -1.500    2.100       0.000000
  -0.300   -0.900   -2.100       0.000000
  -0.300   -0.900   -1.500       0.000000
  -0.300   -0.900   -0.900       0.000000
  -0.300   -0.900   -0.300       0.000000
  -0.300   -0.900    0.300       0.000000
  -0.300   -0.900    0.900       0.000000
  -0.300   -0.900    1.500       0.000000
  -0.300   -0.900    2.100       0.000000
  -0.300   -0.300   -2.100       0.000000
  -0.300   -0.300   -1.500       0.000000
  -0.300   -0.300   -0.900       0.000000
  -0.300   -0.300   -0.300       0.000000
  -0.300   -0.300    0.300       0.000000
  -0.300   -0.300    0.900       0.000000
  -0.300   -0.300    1.500       0.000000
  -0.300   -0.300    2.100       0.000000
  -0.300    0.300   -2.100       0.000000
  -0.300    0.300   -1.500       0.000000
  -0.300    0.300   -0.900       0.000000
  -0.300    0.300   -0.300       0.000000
  -0.300    0.300    0.300       0.000000
  -0.300    0.300    0.900       0.015067
  -0.300    0.300    1.500       0.009300
  -0.300    0.300    2.100       0.000000
  -0.300    0.900   -2.100       0.000000
  -0.300    0.900   -1.500       0.000000
  -0.300    0.900   -0.900       0.000000
  -0.300    0.900   -0.300       0.000000
  -0.300    0.900    0.300       0.000000
  -0.300    0.900    0.900       0.250817
  -0.300    0.900    1.500       0.154817
  -0.300    0.900    2.100       0.000000
  -0.300    1.500   -2.100       0.000000
  -0.300    1.500   -1.500       0.000000
  -0.300    1.500   -0.900       0.000000
  -0.300    1.500   -0.300       0.000000
  -0.300    1.500    0.300       0.000000
  -0.300    1.500    0.900       0.000000
  -0.300    1.500    1.500       0.000000
  -0.300    1.500    2.100       0.000000
  -0.300    2.100   -2.100       0.000000
  -0.300    2.100   -1.500       0.000000
  -0.300    2.100   -0.900       0.000000
  -0.300    2.100   -0.300       0.000000
  -0.300    2.100    0.300       0.000000
  -0.300    2.100    0.900       0.000000
  -0.300    2.100    1.500       0.000000
  -0.300    2.100    2.100       0.000000
   0.300   -2.100   -2.100       0.000000
   0.300   -2.100   -1.500       0.000000
   0.300   -2.100   -0.900       0.000000
   0.300   -2.100   -0.300       0.000000
   0.300   -2.100    0.300       0.000000
   0.300   -2.100    0.900       0.000000
   0.300   -2.100    1.500       0.000000
   0.300   -2.100    2.100       0.000000
   0.300   -1.500   -2.100       0.000000
   0.300   -1.500   -1.500       0.000000
   0.300   -1.500   -0.900       0.000000
   0.300   -1.500   -0.300       0.000000
   0.300   -1.500    0.300       0.000000
   0.300   -1.500    0.900       0.000000
   0.300   -1.500    1.500       0.000000
   0.300   -1.500    2.100       0.000000
   0.300   -0.900   -2.100       0.000000
   0.300   -0.900   -1.500       0.000000
   0.300   -0.900   -0.900       0.000000
   0.300   -0.900   -0.300       0.000000
   0.300   -0.900    0.300       0.000000
   0.300   -0.900    0.900       0.000000
   0.300   -0.900    1.500       0.000000
   0.300   -0.900    2.100       0.000000
   0.300   -0.300   -2.100       0.000000
   0.300   -0.300   -1.500       0.000000
   0.300   -0.300   -0.900       0.000000
   0.300   -0.300   -0.300       0.000000
   0.300   -0.300    0.300       0.000000
   0.300   -0.300    0.900       0.000000
   0.300   -0.300    1.500       0.000000
   0.300   -0.300    2.100       0.000000
   0.300    0.300   -2.100       0.000000
   0.300    0.300   -1.500       0.000000
   0.300    0.300   -0.900       0.000000
   0.300    0.300   -0.300       0.000000
   0.300    0.300    0.300       0.000000
   0.300    0.300    0.900       0.000000
   0.300    0.300    1.500       0.000000
   0.300    0.300    2.100       0.000000
   0.300    0.900   -2.100       0.000000
   0.300    0.900   -1.500       0.000000
   0.300    0.900   -0.900       0.000000
   0.300    0.900   -0.300       0.000000
   0.300    0.900    0.300       0.000000
   0.300    0.900    0.900       0.000000
   0.300    0.900    1.500       0.000000
   0.300    0.900    2.100       0.000000
   0.300    1.500   -2.100       0.000000
   0.300    1.500   -1.500       0.000000
   0.300    1.500   -0.900       0.000000
   0.300    1.500   -0.300       0.000000
   0.300    1.500    0.300       0.000000
   0.300    1.500    0.900       0.000000
   0.300    1.500    1.500       0.000000
   0.300    1.500    2.100       0.000000
   0.300    2.100   -2.100       0.000000
   0.300    2.100   -1.500       0.000000
   0.300    2.100   -0.900       0.000000
   0.300    2.100   -0.300       0.000000
   0.300    2.100    0.300       0.000000
   0.300    2.100    0.900       0.000000
   0.300    2.100    1.500       0.000000
   0.300    2.100    2.100       0.000000
   0.900   -2.100   -2.100       0.000000
   0.900   -2.100   -1.500       0.000000
   0.900   -2.100   -0.900       0.000000
   0.900   -2.100   -0.300       0.000000
   0.900   -2.100    0.300       0.000000
   0.900   -2.100    0.900       0.000000
   0.900   -2.100    1.500       0.000000
   0.900   -2.100    2.100       0.000000
   0.900   -1.500   -2.100       0.000000
   0.900   -1.500   -1.500       0.000000
   0.900   -1.500   -0.900       0.000000
   0.900   -1.500   -0.300       0.000000
   0.900   -1.500    0.300       0.000000
   0.900   -1.500    0.900       0.000000
   0.900   -1.500    1.500       0.000000
   0.900   -1.500    2.100       0.000000
   0.900   -0.900   -2.100       0.000000
   0.900   -0.900   -1.500       0.000000
   0.900   -0.900   -0.900       0.000000
   0.900   -0.900   -0.300       0.000000
   0.900   -0.900    0.300       0.000000
   0.900   -0.900    0.900       0.000000
   0.900   -0.900    1.500       0.000000
   0.900   -0.900    2.100       0.000000
   0.900   -0.300   -2.100       0.000000
   0.900   -0.300   -1.500       0.000000
   0.900   -0.300   -0.900       0.000000
   0.900   -0.300   -0.300       0.010328
   0.900   -0.300    0.300       0.005400
   0.900   -0.300    0.900       0.000000
   0.900   -0.300    1.500       0.000000
   0.900   -0.300    2.100       0.000000
   0.900    0.300   -2.100       0.000000
   0.900    0.300   -1.500       0.000000
   0.900    0.300   -0.900       0.000000
   0.900    0.300   -0.300       0.315817
   0.900    0.300    0.300       0.165122
   0.900    0.300    0.900       0.000000
   0.900    0.300    1.500       0.000000
   0.900    0.300    2.100       0.000000
   0.900    0.900   -2.100       0.000000
   0.900    0.900   -1.500       0.000000
   0.900    0.900   -0.900       0.000000
   0.900    0.900   -0.300       0.000000
   0.900    0.900    0.300       0.000000
   0.900    0.900    0.900       0.000000
   0.900    0.900    1.500       0.000000
   0.900    0.900    2.100       0.000000
   0.900    1.500   -2.100       0.000000
   0.900    1.500   -1.500       0.000000
   0.900    1.500   -0.900       0.000000
   0.900    1.500   -0.300       0.000000
   0.900    1.500    0.300       0.000000
   0.900    1.500    0.900       0.000000
   0.900    1.500    1.500       0.000000
   0.900    1.500    2.100       0.000000
   0.900    2.100   -2.100       0.000000
   0.900    2.100   -1.500       0.000000
   0.900    2.100   -0.900       0.000000
   0.900    2.100   -0.300       0.000000
   0.900    2.100    0.300       0.000000
   0.900    2.100    0.900       0.000000
   0.900    2.100    1.500       0.000000
   0.900    2.100    2.100       0.000000
   1.500   -2.100   -2.100       0.000000
   1.500   -2.100   -1.500       0.000000
   1.500   -2.100   -0.900       0.000000
   1.500   -2.100   -0.300       0.000000
   1.500   -2.100    0.300       0.000000
   1.500   -2.100    0.900       0.000000
   1.500   -2.100    1.500       0.000000
   1.500   -2.100    2.100       0.000000
   1.500   -1.500   -2.100       0.000000
   1.500   -1.500   -1.500       0.000000
   1.500   -1.500   -0.900       0.000000
   1.500   -1.500   -0.300       0.000000
   1.500   -1.500    0.300       0.000000
   1.500   -1.500    0.900       0.000000
   1.500   -1.500    1.500       0.000000
   1.500   -1.500    2.100       0.000000
   1.500   -0.900   -2.100       0.000000
   1.500   -0.900   -1.500       0.000000
   1.500   -0.900   -0.900       0.000000
   1.500   -0.900   -0.300       0.000000
   1.500   -0.900    0.300       0.000000
   1.500   -0.900    0.900       0.000000
   1.500   -0.900    1.500       0.000000
   1.500   -0.900    2.100       0.000000
   1.500   -0.300   -2.100       0.000000
   1.500   -0.300   -1.500       0.000000
   1.500   -0.300   -0.900       0.000000
   1.500   -0.300   -0.300       0.010467
   1.500   -0.300    0.300       0.005472
   1.500   -0.300    0.900       0.000000
   1.500   -0.300    1.500       0.000000
   1.500   -0.300    2.100       0.000000
   1.500    0.300   -2.100       0.000000
   1.500    0.300   -1.500       0.000000
   1.500    0.300   -0.900       0.000000
   1.500    0.300   -0.300       0.320056
   1.500    0.300    0.300       0.167339
   1.500    0.300    0.900       0.000000
   1.500    0.300    1.500       0.000000
   1.500    0.300    2.100       0.000000
   1.500    0.900   -2.100       0.000000
   1.500    0.900   -1.500       0.000000
   1.500    0.900   -0.900       0.000000
   1.500    0.900   -0.300       0.000000
   1.500    0.900    0.300       0.000000
   1.500    0.900    0.900       0.000000
   1.500    0.900    1.500       0.000000
   1.500    0.900    2.100       0.000000
   1.500    1.500   -2.100       0.000000
   1.500    1.500   -1.500       0.000000
   1.500    1.500   -0.900       0.000000
   1.500    1.500   -0.300       0.000000
   1.500    1.500    0.300       0.000000
   1.500    1.500    0.900       0.000000
   1.500    1.500    1.500       0.000000
   1.500    1.500    2.100       0.000000
   1.500    2.100   -2.100       0.000000
   1.500    2.100   -1.500       0.000000
   1.500    2.100   -0.900       0.000000
   1.500    2.100   -0.300       0.000000
   1.500    2.100    0.300       0.000000
   1.500    2.100    0.900       0.000000
   1.500    2.100    1.500       0.000000
   1.500    2.100    2.100       0.000000
   2.100   -2.100   -2.100       0.000000
   2.100   -2.100   -1.500       0.000000
   2.100   -2.100   -0.900       0.000000
   2.100   -2.100   -0.300       0.000000
   2.100   -2.100    0.300       0.000000
   2.100   -2.100    0.900       0.000000
   2.100   -2.100    1.500       0.000000
   2.100   -2.100    2.100       0.000000
   2.100   -1.500   -2.100       0.000000
   2.100   -1.500   -1.500       0.000000
   2.100   -1.500   -0.900       0.000000
   2.100   -1.500   -0.300       0.000000
   2.100   -1.500    0.300       0.000000
   2.100   -1.500    0.900       0.000000
   2.100   -1.500    1.500       0.000000
   2.100   -1.500    2.100       0.000000
   2.100   -0.900   -2.100       0.000000
   2.100   -0.900   -1.500       0.000000
   2.100   -0.900   -0.900       0.000000
   2.100   -0.900   -0.300       0.000000
   2.100   -0.900    0.300       0.000000
   2.100   -0.900    0.900       0.000000
   2.100   -0.900    1.500       0.000000
   2.100   -0.900    2.100       0.000000
   2.100   -0.300   -2.100       0.000000
   2.100   -0.300   -1.500       0.000000
   2.100   -0.300   -0.900       0.000000
   2.100   -0.300   -0.300       0.000000
   2.100   -0.300    0.300       0.000000
   2.100   -0.300    0.900       0.000000
   2.100   -0.300    1.500       0.000000
   2.100   -0.300    2.100       0.000000
   2.100    0.300   -2.100       0.000000
   2.100    0.300   -1.500       0.000000
   2.100    0.300   -0.900       0.000000
   2.100    0.300   -0.300       0.000000
   2.100    0.300    0.300       0.000000
   2.100    0.300    0.900       0.000000
   2.100    0.300    1.500       0.000000
   2.100    0.300    2.100       0.000000
   2.100    0.900   -2.100       0.000000
   2.100    0.900   -1.500       0.000000
   2.100    0.900   -0.900       0.000000
   2.100    0.900   -0.300       0.000000
   2.100    0.900    0.300       0.000000
   2.100    0.900    0.900       0.000000
   2.100    0.900    1.500       0.000000
   2.100    0.900    2.100       0.000000
   2.100    1.500   -2.100       0.000000
   2.100    1.500   -1.500       0.000000
   2.100    1.500   -0.900       0.000000
   2.100    1.500   -0.300       0.000000
   2.100    1.500    0.300       0.000000
   2.100    1.500    0.900       0.000000
   2.100    1.500    1.500       0.000000
   2.100    1.500    2.100       0.000000
   2.100    2.100   -2.100       0.000000
   2.100    2.100   -1.500       0.000000
   2.100    2.100   -0.900       0.000000
   2.100    2.100   -0.300       0.000000
   2.100    2.100    0.300       0.000000
   2.100    2.100    0.900       0.000000
   2.100    2.100    1.500       0.000000
   2.100    2.100    2.100       0.000000
