                       pro             shot3             shot4             shot5             shot6             shot7
comp PPI-M_0_0      -6.632  -25.752   72.019   -5.492   27.547  -11.769   11.737   -6.191    2.329   -6.793    1.162
comp PPI-M_0_1       4.825  -44.048   98.304    6.120   34.236    8.813    5.533    4.639    2.333    4.035    1.168
comp PPI-M_1_0      22.848   73.095   86.284   29.928   21.776   19.163   11.560   23.442    2.397   22.721    0.726
comp PPI-M_1_1      27.983    6.469  135.490   25.430   16.510   25.703   10.528   27.574    2.687   27.743    1.028
comp PPI-id_0_0     12.652   52.519   66.282   15.428   14.637   11.329    3.577   12.746    2.806   12.745    0.570
comp PPI-id_0_1     15.672   35.338   69.682    9.634   12.800   17.536    6.294   16.698    2.274   16.023    0.609
comp PPI-id_1_0     15.830   18.288   42.592   16.837   23.670   14.608    7.374   15.798    1.697   15.595    0.661
comp PPI-id_1_1     31.272   70.420   60.072   23.982   22.601   31.079    3.366   30.628    1.650   31.131    0.426
comp But1_0_0       37.364   47.820  129.870   62.998   52.740   39.081   12.237   37.886    2.372   37.486    1.633
comp But1_0_1       35.420   57.082  103.160   34.960   40.204   31.865    7.808   36.494    2.910   35.913    0.549
comp But1_1_0       48.490   27.574  118.610   44.069   41.024   46.754    6.916   47.433    2.765   47.573    1.090
comp But1_1_1       54.296   60.584  104.190   71.035   42.989   56.843   12.196   54.853    4.843   54.252    1.574
comp But2_0_0       38.016   37.084   62.144   25.064   28.851   36.830    6.643   38.534    2.042   37.933    0.488
comp But2_0_1       48.290   29.527   57.949   43.500   27.314   49.765    7.995   48.947    2.909   48.482    0.382
comp But2_1_0       22.554   32.426  107.310   23.062   22.371   23.691    5.960   21.887    3.370   23.056    0.722
comp But2_1_1       30.274   38.501   90.440   37.198   31.792   27.497    7.047   31.369    3.247   29.932    0.687
apo  PPI-M_0_0      50.128   65.642   98.125   62.322   19.739   45.618   11.188   49.988    2.003   50.313    0.459
apo  PPI-M_0_1      42.910   64.687  100.070   48.785   38.086   41.174    9.129   42.773    3.956   42.667    1.025
apo  PPI-M_1_0      49.235   28.328  124.890   44.054   30.643   48.451    7.109   49.055    3.324   48.952    1.082
apo  PPI-M_1_1      49.261   47.716   60.184   47.319   43.809   50.643    8.489   50.116    2.628   49.162    0.856
apo  PPI-id_0_0     48.560   30.709   63.510   54.763   20.728   47.036    6.707   47.892    1.486   48.413    0.388
apo  PPI-id_0_1     45.212   16.938   51.364   47.134   26.829   44.760    3.879   44.888    2.347   45.295    0.405
apo  PPI-id_1_0     52.699   52.573   38.314   54.205   22.258   55.338    4.633   53.331    2.340   52.456    0.543
apo  PPI-id_1_1     50.883   30.154   63.111   46.523   19.818   50.931    4.665   50.423    2.611   51.132    0.685
apo  But1_0_0       60.147   10.735   75.350   66.794   33.536   58.509    8.153   59.545    3.839   59.999    0.770
apo  But1_0_1       56.191  105.870   95.831   54.788   41.520   60.605   12.079   56.628    3.218   56.599    1.158
apo  But1_1_0       59.075   42.863  177.970   32.760   37.351   50.861   12.615   61.130    2.962   59.473    1.042
apo  But1_1_1       56.948   55.656   71.729   59.447   31.415   53.421   10.627   58.882    3.064   57.185    1.190
apo  But2_0_0       49.435   64.345   69.930   51.733   25.028   50.367    6.508   50.193    2.594   49.363    0.726
apo  But2_0_1       54.242   48.500   60.490   42.636   23.167   56.001    9.701   53.401    1.972   54.255    0.770
apo  But2_1_0       58.040   57.492   51.092   66.384   20.684   49.934    9.861   57.260    2.588   57.607    0.702
apo  But2_1_1       58.494   28.382   79.799   65.773   11.285   54.528    6.241   58.369    2.738   58.434    0.739
