                       pro             shot3             shot4             shot5             shot6             shot7
comp PPI-M_0_0       4.222  111.180  455.640  117.800  232.170   38.467   81.777    0.087   23.583    0.125    6.689
comp PPI-M_0_1      21.528  -18.313 1009.300   -3.676  180.230   37.674   64.421   24.732   16.118   26.355    5.708
comp PPI-M_1_0     246.290  558.470  752.650  163.530  269.720  241.260   68.174  250.110   22.997  248.330    7.488
comp PPI-M_1_1     324.250  436.200  865.150  193.930  244.870  306.030   73.692  314.010   21.973  320.810    6.888
comp PPI-id_0_0     88.267   84.200  433.580  128.040  124.660   56.484   38.544   91.520   12.384   88.187    5.344
comp PPI-id_0_1    115.010  169.200  617.440  152.390  144.590  102.560   42.105  109.210    6.477  115.740    4.090
comp PPI-id_1_0    177.700  390.570  648.000  159.960  171.850  179.910   35.013  180.120   17.476  178.100    3.071
comp PPI-id_1_1    255.930  337.420  349.650  285.930  117.340  262.910   66.117  255.320   10.976  258.590    5.008
comp But1_0_0      320.320  217.850  621.000  486.310  312.770  270.960   96.749  313.570   26.565  319.740    9.746
comp But1_0_1      347.800 1006.400  834.000  354.530  263.220  363.050  100.060  349.190   23.342  348.710    3.818
comp But1_1_0      229.200  228.230 1100.400  188.390  228.690  185.670   92.220  238.850   22.532  229.960    8.381
comp But1_1_1      366.390  116.660 1015.900  305.610  279.230  362.590   79.034  375.600   25.033  368.450    8.140
comp But2_0_0      337.380  576.950  300.640  318.910  130.790  359.640   55.264  338.020   11.436  337.640    5.633
comp But2_0_1      398.760  249.630  502.050  439.720  171.360  414.250   58.122  400.390   14.563  400.550    5.861
comp But2_1_0      286.070  294.580  614.380  337.020  198.570  290.080   58.948  287.030   23.918  289.000    6.128
comp But2_1_1      334.280  377.560  653.030  356.350  121.730  337.160   57.389  339.830   26.801  330.980    6.377
apo  PPI-M_0_0     407.830   19.081 1279.300  455.120  283.570  418.820   41.250  399.540   23.855  403.970    9.445
apo  PPI-M_0_1     346.450  660.100  708.010  203.350  179.650  309.240   86.023  343.200   27.987  347.300    8.264
apo  PPI-M_1_0     497.160  278.860  703.420  639.650  195.130  533.200   42.783  494.340   24.800  498.840    6.803
apo  PPI-M_1_1     497.090  258.770 1124.500  515.430  194.560  458.580   71.949  494.590   21.576  497.390    4.640
apo  PPI-id_0_0    405.580  156.600  476.120  544.300  184.730  383.140   56.498  411.060   22.853  406.360    3.894
apo  PPI-id_0_1    398.940  479.630  547.340  421.990  166.300  382.450   58.728  412.480   20.371  398.870    6.152
apo  PPI-id_1_0    434.770  588.080  592.220  426.430  243.080  418.020   60.374  445.230   20.550  435.210    4.828
apo  PPI-id_1_1    462.090  682.380  537.660  465.650  158.930  466.280   54.049  459.770   16.719  464.570    2.932
apo  But1_0_0      599.910 1184.400  914.890  613.490  350.450  570.310   88.140  612.640   36.706  598.900    8.325
apo  But1_0_1      595.800  292.720  881.370  556.430  115.330  630.250  133.230  604.170   26.002  589.620   13.205
apo  But1_1_0      525.780  844.990 1156.900  628.150  336.430  523.420   93.952  520.080   32.411  523.750   10.707
apo  But1_1_1      592.290  417.980 1240.500  423.370  320.210  561.440  100.720  597.320   25.861  590.920   11.311
apo  But2_0_0      451.790  316.140  735.560  582.180  256.410  460.320   80.781  448.140   24.946  450.080    3.714
apo  But2_0_1      503.080  470.120  882.320  510.580  206.610  553.730   43.323  493.480   25.030  503.230   10.207
apo  But2_1_0      485.200  213.630  446.300  394.250  173.500  494.060   48.355  490.470   21.524  484.770    5.327
apo  But2_1_1      490.730 1220.100  947.380  501.110  288.660  470.160   69.256  493.150   19.641  491.300    6.503
