                       pro             shot3             shot4             shot5             shot6             shot7
comp PPI-M_0_0      -1.032   -1.394   11.032   -0.894    3.621   -0.968    1.129   -1.030    0.369   -1.037    0.111
comp PPI-M_0_1      -0.173   -0.460   11.599   -0.123    3.599   -0.175    1.109   -0.157    0.365   -0.171    0.113
comp PPI-M_1_0       1.578    1.304   11.499    1.329    3.539    1.548    1.172    1.562    0.350    1.575    0.108
comp PPI-M_1_1       2.509    2.552   11.841    2.502    3.603    2.495    1.183    2.498    0.368    2.505    0.115
comp PPI-id_0_0      0.551    0.421    7.376    0.479    2.446    0.568    0.741    0.572    0.241    0.554    0.075
comp PPI-id_0_1      0.446    0.491    7.789    0.347    2.349    0.410    0.744    0.441    0.248    0.445    0.074
comp PPI-id_1_0      0.712    0.453    7.828    0.783    2.393    0.741    0.763    0.711    0.238    0.715    0.074
comp PPI-id_1_1      3.389    3.406    7.430    3.462    2.320    3.388    0.733    3.394    0.240    3.393    0.076
comp But1_0_0        3.135    3.534   14.137    3.056    4.446    3.122    1.424    3.150    0.451    3.133    0.140
comp But1_0_1        3.372    2.923   14.297    3.039    4.503    3.325    1.395    3.374    0.430    3.372    0.140
comp But1_1_0        4.407    3.727   14.475    4.555    4.455    4.390    1.450    4.403    0.441    4.406    0.142
comp But1_1_1        4.998    4.567   14.453    4.971    4.516    5.024    1.414    5.007    0.458    4.995    0.144
comp But2_0_0        2.709    3.069    9.562    2.550    2.974    2.685    0.966    2.700    0.301    2.708    0.096
comp But2_0_1        4.368    4.327   10.118    4.340    3.109    4.361    0.938    4.366    0.312    4.372    0.095
comp But2_1_0        0.578    0.389    9.508    0.619    2.992    0.544    0.988    0.588    0.298    0.577    0.096
comp But2_1_1        1.545    1.358    9.772    1.568    3.104    1.540    0.958    1.561    0.308    1.541    0.097
apo  PPI-M_0_0       5.380    5.429   10.620    5.566    3.477    5.415    1.069    5.376    0.355    5.382    0.114
apo  PPI-M_0_1       4.685    4.386   11.335    4.607    3.518    4.662    1.127    4.690    0.346    4.683    0.110
apo  PPI-M_1_0       4.788    4.779   11.179    4.904    3.491    4.814    1.103    4.776    0.356    4.785    0.108
apo  PPI-M_1_1       4.796    5.264   11.281    4.882    3.503    4.785    1.049    4.793    0.363    4.804    0.107
apo  PPI-id_0_0      5.009    4.962    7.334    4.907    2.300    5.022    0.711    5.010    0.225    5.007    0.075
apo  PPI-id_0_1      3.733    4.043    7.121    3.833    2.331    3.748    0.753    3.725    0.240    3.733    0.070
apo  PPI-id_1_0      5.672    5.435    7.087    5.615    2.286    5.635    0.720    5.679    0.226    5.669    0.072
apo  PPI-id_1_1      5.483    5.643    7.731    5.529    2.329    5.477    0.725    5.479    0.227    5.481    0.073
apo  But1_0_0        6.170    5.563   13.870    6.027    4.253    6.209    1.412    6.155    0.431    6.168    0.136
apo  But1_0_1        4.987    5.019   13.537    4.963    4.384    4.975    1.403    4.973    0.426    4.997    0.134
apo  But1_1_0        5.239    5.889   13.455    5.210    4.142    5.289    1.308    5.246    0.444    5.239    0.138
apo  But1_1_1        5.000    5.563   13.974    4.870    4.129    4.980    1.337    5.004    0.424    5.003    0.136
apo  But2_0_0        4.185    4.770    9.192    4.343    3.060    4.270    0.963    4.192    0.307    4.184    0.093
apo  But2_0_1        5.572    5.750    9.206    5.475    2.894    5.571    0.924    5.580    0.283    5.574    0.095
apo  But2_1_0        5.903    6.269    9.386    5.776    2.945    5.882    0.905    5.892    0.288    5.903    0.094
apo  But2_1_1        6.355    6.614    9.175    6.407    2.909    6.382    0.926    6.349    0.292    6.352    0.094
