  -2.100   -2.100   -2.100       0.000000
  -2.100   -2.100   -1.500       0.000000
  -2.100   -2.100   -0.900       0.000000
  -2.100   -2.100   -0.300       0.000000
  -2.100   -2.100    0.300       0.000000
  -2.100   -2.100    0.900       0.000000
  -2.100   -2.100    1.500       0.000000
  -2.100   -2.100    2.100       0.000000
  -2.100   -1.500   -2.100       0.000026
  -2.100   -1.500   -1.500       0.000041
  -2.100   -1.500   -0.900       0.000047
  -2.100   -1.500   -0.300       0.002801
  -2.100   -1.500    0.300       0.000000
  -2.100   -1.500    0.900       0.000000
  -2.100   -1.500    1.500       0.000000
  -2.100   -1.500    2.100       0.000000
  -2.100   -0.900   -2.100       0.000935
  -2.100   -0.900   -1.500       0.001515
  -2.100   -0.900   -0.900       0.000003
  -2.100   -0.900   -0.300       0.000168
  -2.100   -0.900    0.300       0.000000
  -2.100   -0.900    0.900       0.000000
  -2.100   -0.900    1.500       0.000000
  -2.100   -0.900    2.100       0.000000
  -2.100   -0.300   -2.100       0.000000
  -2.100   -0.300   -1.500       0.000000
  -2.100   -0.300   -0.900       0.000000
  -2.100   -0.300   -0.300       0.000000
  -2.100   -0.300    0.300       0.000000
  -2.100   -0.300    0.900       0.000000
  -2.100   -0.300    1.500       0.000000
  -2.100   -0.300    2.100       0.000000
  -2.100    0.300   -2.100       0.000000
  -2.100    0.300   -1.500       0.000000
  -2.100    0.300   -0.900       0.000000
  -2.100    0.300   -0.300       0.000000
  -2.100    0.300    0.300       0.000000
  -2.100    0.300    0.900       0.000000
  -2.100    0.300    1.500       0.000000
  -2.100    0.300    2.100       0.000000
  -2.100    0.900   -2.100       0.000000
  -2.100    0.900   -1.500       0.000000
  -2.100    0.900   -0.900       0.000000
  -2.100    0.900   -0.300       0.000000
  -2.100    0.900    0.300       0.000000
  -2.100    0.900    0.900       0.000000
  -2.100    0.900    1.500       0.000000
  -2.100    0.900    2.100       0.000000
  -2.100    1.500   -2.100       0.000000
  -2.100    1.500   -1.500       0.000000
  -2.100    1.500   -0.900       0.000000
  -2.100    1.500   -0.300       0.000000
  -2.100    1.500    0.300       0.000000
  -2.100    1.500    0.900       0.000000
  -2.100    1.500    1.500       0.000000
  -2.100    1.500    2.100       0.000000
  -2.100    2.100   -2.100       0.000000
  -2.100    2.100   -1.500       0.000000
  -2.100    2.100   -0.900       0.000000
  -2.100    2.100   -0.300       0.000000
  -2.100    2.100    0.300       0.000000
  -2.100    2.100    0.900       0.000000
  -2.100    2.100    1.500       0.000000
  -2.100    2.100    2.100       0.000000
  -1.500   -2.100   -2.100       0.000000
  -1.500   -2.100   -1.500       0.000000
  -1.500   -2.100   -0.900       0.000000
  -1.500   -2.100   -0.300       0.000000
  -1.500   -2.100    0.300       0.000000
  -1.500   -2.100    0.900       0.000000
  -1.500   -2.100    1.500       0.000000
  -1.500   -2.100    2.100       0.000000
  -1.500   -1.500   -2.100       0.000025
  -1.500   -1.500   -1.500       0.000041
  -1.500   -1.500   -0.900       0.000047
  -1.500   -1.500   -0.300       0.002764
  -1.500   -1.500    0.300       0.000000
  -1.500   -1.500    0.900       0.000000
  -1.500   -1.500    1.500       0.000000
  -1.500   -1.500    2.100       0.000000
  -1.500   -0.900   -2.100       0.000923
  -1.500   -0.900   -1.500       0.001495
  -1.500   -0.900   -0.900       0.000003
  -1.500   -0.900   -0.300       0.000166
  -1.500   -0.900    0.300       0.000000
  -1.500   -0.900    0.900       0.000000
  -1.500   -0.900    1.500       0.000000
  -1.500   -0.900    2.100       0.000000
  -1.500   -0.300   -2.100       0.000000
  -1.500   -0.300   -1.500       0.000000
  -1.500   -0.300   -0.900       0.000000
  -1.500   -0.300   -0.300       0.000000
  -1.500   -0.300    0.300       0.000000
  -1.500   -0.300    0.900       0.000000
  -1.500   -0.300    1.500       0.000000
  -1.500   -0.300    2.100       0.000000
  -1.500    0.300   -2.100       0.000000
  -1.500    0.300   -1.500       0.000000
  -1.500    0.300   -0.900       0.000000
  -1.500    0.300   -0.300       0.000000
  -1.500    0.300    0.300       0.000000
  -1.500    0.300    0.900       0.000000
  -1.500    0.300    1.500       0.000000
  -1.500    0.300    2.100       0.000000
  -1.500    0.900   -2.100       0.000000
  -1.500    0.900   -1.500       0.000000
  -1.500    0.900   -0.900       0.000000
  -1.500    0.900   -0.300       0.000000
  -1.500    0.900    0.300       0.000000
  -1.500    0.900    0.900       0.000000
  -1.500    0.900    1.500       0.000000
  -1.500    0.900    2.100       0.000000
  -1.500    1.500   -2.100       0.000000
  -1.500    1.500   -1.500       0.000000
  -1.500    1.500   -0.900       0.000000
  -1.500    1.500   -0.300       0.000000
  -1.500    1.500    0.300       0.000000
  -1.500    1.500    0.900       0.000000
  -1.500    1.500    1.500       0.000000
  -1.500    1.500    2.100       0.000000
  -1.500    2.100   -2.100       0.000000
  -1.500    2.100   -1.500       0.000000
  -1.500    2.100   -0.900       0.000000
  -1.500    2.100   -0.300       0.000000
  -1.500    2.100    0.300       0.000000
  -1.500    2.100    0.900       0.000000
  -1.500    2.100    1.500       0.000000
  -1.500    2.100    2.100       0.000000
  -0.900   -2.100   -2.100       0.000000
  -0.900   -2.100   -1.500       0.000000
  -0.900   -2.100   -0.900       0.000000
  -0.900   -2.100   -0.300       0.000000
  -0.900   -2.100    0.300       0.000000
  -0.900   -2.100    0.900       0.000000
  -0.900   -2.100    1.500       0.000000
  -0.900   -2.100    2.100       0.000000
  -0.900   -1.500   -2.100       0.000000
  -0.900   -1.500   -1.500       0.000000
  -0.900   -1.500   -0.900       0.000000
  -0.900   -1.500   -0.300       0.000000
  -0.900   -1.500    0.300       0.017276
  -0.900   -1.500    0.900       0.001639
  -0.900   -1.500    1.500       0.000000
  -0.900   -1.500    2.100       0.000000
  -0.900   -0.900   -2.100       0.000000
  -0.900   -0.900   -1.500       0.000000
  -0.900   -0.900   -0.900       0.000000
  -0.900   -0.900   -0.300       0.000000
  -0.900   -0.900    0.300       0.005258
  -0.900   -0.900    0.900       0.000499
  -0.900   -0.900    1.500       0.000000
  -0.900   -0.900    2.100       0.000000
  -0.900   -0.300   -2.100       0.000000
  -0.900   -0.300   -1.500       0.000000
  -0.900   -0.300   -0.900       0.000000
  -0.900   -0.300   -0.300       0.000000
  -0.900   -0.300    0.300       0.000000
  -0.900   -0.300    0.900       0.000000
  -0.900   -0.300    1.500       0.000000
  -0.900   -0.300    2.100       0.000000
  -0.900    0.300   -2.100       0.000000
  -0.900    0.300   -1.500       0.000000
  -0.900    0.300   -0.900       0.000000
  -0.900    0.300   -0.300       0.000000
  -0.900    0.300    0.300       0.000000
  -0.900    0.300    0.900      -0.012942
  -0.900    0.300    1.500      -0.007988
  -0.900    0.300    2.100       0.000000
  -0.900    0.900   -2.100       0.000000
  -0.900    0.900   -1.500       0.000000
  -0.900    0.900   -0.900       0.000000
  -0.900    0.900   -0.300       0.000000
  -0.900    0.900    0.300       0.000000
  -0.900    0.900    0.900      -0.215446
  -0.900    0.900    1.500      -0.132984
  -0.900    0.900    2.100       0.000000
  -0.900    1.500   -2.100       0.000000
  -0.900    1.500   -1.500       0.000000
  -0.900    1.500   -0.900       0.000000
  -0.900    1.500   -0.300       0.000000
  -0.900    1.500    0.300       0.000000
  -0.900    1.500    0.900       0.000000
  -0.900    1.500    1.500       0.000000
  -0.900    1.500    2.100       0.000000
  -0.900    2.100   -2.100       0.000000
  -0.900    2.100   -1.500       0.000000
  -0.900    2.100   -0.900       0.000000
  -0.900    2.100   -0.300       0.000000
  -0.900    2.100    0.300       0.000000
  -0.900    2.100    0.900       0.000000
  -0.900    2.100    1.500       0.000000
  -0.900    2.100    2.100       0.000000
  -0.300   -2.100   -2.100       0.000000
  -0.300   -2.100   -1.500       0.000000
  -0.300   -2.100   -0.900       0.000000
  -0.300   -2.100   -0.300       0.000000
  -0.300   -2.100    0.300       0.000000
  -0.300   -2.100    0.900       0.000000
  -0.300   -2.100    1.500       0.000000
  -0.300   -2.100    2.100       0.000000
  -0.300   -1.500   -2.100       0.000000
  -0.300   -1.500   -1.500       0.000000
  -0.300   -1.500   -0.900       0.000000
  -0.300   -1.500   -0.300       0.000000
  -0.300   -1.500    0.300       0.061849
  -0.300   -1.500    0.900       0.005869
  -0.300   -1.500    1.500       0.000000
  -0.300   -1.500    2.100       0.000000
  -0.300   -0.900   -2.100       0.000000
  -0.300   -0.900   -1.500       0.000000
  -0.300   -0.900   -0.900       0.000000
  -0.300   -0.900   -0.300       0.000000
  -0.300   -0.900    0.300       0.018824
  -0.300   -0.900    0.900       0.001786
  -0.300   -0.900    1.500       0.000000
  -0.300   -0.900    2.100       0.000000
  -0.300   -0.300   -2.100       0.000000
  -0.300   -0.300   -1.500       0.000000
  -0.300   -0.300   -0.900       0.000000
  -0.300   -0.300   -0.300       0.000000
  -0.300   -0.300    0.300       0.015991
  -0.300   -0.300    0.900       0.006584
  -0.300   -0.300    1.500       0.000000
  -0.300   -0.300    2.100       0.000000
  -0.300    0.300   -2.100       0.000000
  -0.300    0.300   -1.500       0.000000
  -0.300    0.300   -0.900       0.000000
  -0.300    0.300   -0.300       0.000000
  -0.300    0.300    0.300       0.026651
  -0.300    0.300    0.900       0.001211
  -0.300    0.300    1.500      -0.006026
  -0.300    0.300    2.100       0.000000
  -0.300    0.900   -2.100       0.000000
  -0.300    0.900   -1.500       0.000000
  -0.300    0.900   -0.900       0.000000
  -0.300    0.900   -0.300       0.000000
  -0.300    0.900    0.300       0.000000
  -0.300    0.900    0.900      -0.162529
  -0.300    0.900    1.500      -0.100321
  -0.300    0.900    2.100       0.000000
  -0.300    1.500   -2.100       0.000000
  -0.300    1.500   -1.500       0.000000
  -0.300    1.500   -0.900       0.000000
  -0.300    1.500   -0.300       0.000000
  -0.300    1.500    0.300       0.000000
  -0.300    1.500    0.900       0.000000
  -0.300    1.500    1.500       0.000000
  -0.300    1.500    2.100       0.000000
  -0.300    2.100   -2.100       0.000000
  -0.300    2.100   -1.500       0.000000
  -0.300    2.100   -0.900       0.000000
  -0.300    2.100   -0.300       0.000000
  -0.300    2.100    0.300       0.000000
  -0.300    2.100    0.900       0.000000
  -0.300    2.100    1.500       0.000000
  -0.300    2.100    2.100       0.000000
   0.300   -2.100   -2.100       0.000000
   0.300   -2.100   -1.500       0.000000
   0.300   -2.100   -0.900       0.000000
   0.300   -2.100   -0.300       0.000000
   0.300   -2.100    0.300       0.000000
   0.300   -2.100    0.900       0.000000
   0.300   -2.100    1.500       0.000000
   0.300   -2.100    2.100       0.000000
   0.300   -1.500   -2.100       0.000000
   0.300   -1.500   -1.500       0.000000
   0.300   -1.500   -0.900       0.000000
   0.300   -1.500   -0.300       0.000000
   0.300   -1.500    0.300       0.000000
   0.300   -1.500    0.900       0.000000
   0.300   -1.500    1.500       0.000000
   0.300   -1.500    2.100       0.000000
   0.300   -0.900   -2.100       0.000000
   0.300   -0.900   -1.500       0.000000
   0.300   -0.900   -0.900       0.000000
   0.300   -0.900   -0.300       0.000000
   0.300   -0.900    0.300       0.000000
   0.300   -0.900    0.900       0.000000
   0.300   -0.900    1.500       0.000000
   0.300   -0.900    2.100       0.000000
   0.300   -0.300   -2.100       0.000000
   0.300   -0.300   -1.500       0.000000
   0.300   -0.300   -0.900       0.000000
   0.300   -0.300   -0.300       0.000000
   0.300   -0.300    0.300       0.029697
   0.300   -0.300    0.900       0.012228
   0.300   -0.300    1.500       0.000000
   0.300   -0.300    2.100       0.000000
   0.300    0.300   -2.100       0.000000
   0.300    0.300   -1.500       0.000000
   0.300    0.300   -0.900       0.000000
   0.300    0.300   -0.300       0.000000
   0.300    0.300    0.300       0.049495
   0.300    0.300    0.900       0.020380
   0.300    0.300    1.500       0.000000
   0.300    0.300    2.100       0.000000
   0.300    0.900   -2.100       0.000000
   0.300    0.900   -1.500       0.000000
   0.300    0.900   -0.900       0.000000
   0.300    0.900   -0.300       0.000000
   0.300    0.900    0.300       0.000000
   0.300    0.900    0.900       0.000000
   0.300    0.900    1.500       0.000000
   0.300    0.900    2.100       0.000000
   0.300    1.500   -2.100       0.000000
   0.300    1.500   -1.500       0.000000
   0.300    1.500   -0.900       0.000000
   0.300    1.500   -0.300       0.000000
   0.300    1.500    0.300       0.000000
   0.300    1.500    0.900       0.000000
   0.300    1.500    1.500       0.000000
   0.300    1.500    2.100       0.000000
   0.300    2.100   -2.100       0.000000
   0.300    2.100   -1.500       0.000000
   0.300    2.100   -0.900       0.000000
   0.300    2.100   -0.300       0.000000
   0.300    2.100    0.300       0.000000
   0.300    2.100    0.900       0.000000
   0.300    2.100    1.500       0.000000
   0.300    2.100    2.100       0.000000
   0.900   -2.100   -2.100       0.000000
   0.900   -2.100   -1.500       0.000000
   0.900   -2.100   -0.900       0.000000
   0.900   -2.100   -0.300       0.000000
   0.900   -2.100    0.300       0.000000
   0.900   -2.100    0.900       0.000000
   0.900   -2.100    1.500       0.000000
   0.900   -2.100    2.100       0.000000
   0.900   -1.500   -2.100       0.000000
   0.900   -1.500   -1.500       0.000000
   0.900   -1.500   -0.900       0.000000
   0.900   -1.500   -0.300       0.000000
   0.900   -1.500    0.300       0.000000
   0.900   -1.500    0.900       0.000000
   0.900   -1.500    1.500       0.000000
   0.900   -1.500    2.100       0.000000
   0.900   -0.900   -2.100       0.000000
   0.900   -0.900   -1.500       0.000000
   0.900   -0.900   -0.900       0.000000
   0.900   -0.900   -0.300       0.000000
   0.900   -0.900    0.300       0.000000
   0.900   -0.900    0.900       0.000000
   0.900   -0.900    1.500       0.000000
   0.900   -0.900    2.100       0.000000
   0.900   -0.300   -2.100       0.000000
   0.900   -0.300   -1.500       0.000000
   0.900   -0.300   -0.900       0.000000
   0.900   -0.300   -0.300      -0.006692
   0.900   -0.300    0.300      -0.003499
   0.900   -0.300    0.900       0.000000
   0.900   -0.300    1.500       0.000000
   0.900   -0.300    2.100       0.000000
   0.900    0.300   -2.100       0.000000
   0.900    0.300   -1.500       0.000000
   0.900    0.300   -0.900       0.000000
   0.900    0.300   -0.300      -0.204649
   0.900    0.300    0.300      -0.106999
   0.900    0.300    0.900       0.000000
   0.900    0.300    1.500       0.000000
   0.900    0.300    2.100       0.000000
   0.900    0.900   -2.100       0.000000
   0.900    0.900   -1.500       0.000000
   0.900    0.900   -0.900       0.000000
   0.900    0.900   -0.300       0.000000
   0.900    0.900    0.300       0.000000
   0.900    0.900    0.900       0.000000
   0.900    0.900    1.500       0.000000
   0.900    0.900    2.100       0.000000
   0.900    1.500   -2.100       0.000000
   0.900    1.500   -1.500       0.000000
   0.900    1.500   -0.900       0.000000
   0.900    1.500   -0.300       0.000000
   0.900    1.500    0.300       0.000000
   0.900    1.500    0.900       0.000000
   0.900    1.500    1.500       0.000000
   0.900    1.500    2.100       0.000000
   0.900    2.100   -2.100       0.000000
   0.900    2.100   -1.500       0.000000
   0.900    2.100   -0.900       0.000000
   0.900    2.100   -0.300       0.000000
   0.900    2.100    0.300       0.000000
   0.900    2.100    0.900       0.000000
   0.900    2.100    1.500       0.000000
   0.900    2.100    2.100       0.000000
   1.500   -2.100   -2.100       0.000000
   1.500   -2.100   -1.500       0.000000
   1.500   -2.100   -0.900       0.000000
   1.500   -2.100   -0.300       0.000000
   1.500   -2.100    0.300       0.000000
   1.500   -2.100    0.900       0.000000
   1.500   -2.100    1.500       0.000000
   1.500   -2.100    2.100       0.000000
   1.500   -1.500   -2.100       0.000000
   1.500   -1.500   -1.500       0.000000
   1.500   -1.500   -0.900       0.000000
   1.500   -1.500   -0.300       0.000000
   1.500   -1.500    0.300       0.000000
   1.500   -1.500    0.900       0.000000
   1.500   -1.500    1.500       0.000000
   1.500   -1.500    2.100       0.000000
   1.500   -0.900   -2.100       0.000000
   1.500   -0.900   -1.500       0.000000
   1.500   -0.900   -0.900       0.000000
   1.500   -0.900   -0.300       0.000000
   1.500   -0.900    0.300       0.000000
   1.500   -0.900    0.900       0.000000
   1.500   -0.900    1.500       0.000000
   1.500   -0.900    2.100       0.000000
   1.500   -0.300   -2.100       0.000000
   1.500   -0.300   -1.500       0.000000
   1.500   -0.300   -0.900       0.000000
   1.500   -0.300   -0.300      -0.006782
   1.500   -0.300    0.300      -0.003546
   1.500   -0.300    0.900       0.000000
   1.500   -0.300    1.500       0.000000
   1.500   -0.300    2.100       0.000000
   1.500    0.300   -2.100       0.000000
   1.500    0.300   -1.500       0.000000
   1.500    0.300   -0.900       0.000000
   1.500    0.300   -0.300      -0.207396
   1.500    0.300    0.300      -0.108436
   1.500    0.300    0.900       0.000000
   1.500    0.300    1.500       0.000000
   1.500    0.300    2.100       0.000000
   1.500    0.900   -2.100       0.000000
   1.500    0.900   -1.500       0.000000
   1.500    0.900   -0.900       0.000000
   1.500    0.900   -0.300       0.000000
   1.500    0.900    0.300       0.000000
   1.500    0.900    0.900       0.000000
   1.500    0.900    1.500       0.000000
   1.500    0.900    2.100       0.000000
   1.500    1.500   -2.100       0.000000
   1.500    1.500   -1.500       0.000000
   1.500    1.500   -0.900       0.000000
   1.500    1.500   -0.300       0.000000
   1.500    1.500    0.300       0.000000
   1.500    1.500    0.900       0.000000
   1.500    1.500    1.500       0.000000
   1.500    1.500    2.100       0.000000
   1.500    2.100   -2.100       0.000000
   1.500    2.100   -1.500       0.000000
   1.500    2.100   -0.900       0.000000
   1.500    2.100   -0.300       0.000000
   1.500    2.100    0.300       0.000000
   1.500    2.100    0.900       0.000000
   1.500    2.100    1.500       0.000000
   1.500    2.100    2.100       0.000000
   2.100   -2.100   -2.100       0.000000
   2.100   -2.100   -1.500       0.000000
   2.100   -2.100   -0.900       0.000000
   2.100   -2.100   -0.300       0.000000
   2.100   -2.100    0.300       0.000000
   2.100   -2.100    0.900       0.000000
   2.100   -2.100    1.500       0.000000
   2.100   -2.100    2.100       0.000000
   2.100   -1.500   -2.100       0.000000
   2.100   -1.500   -1.500       0.000000
   2.100   -1.500   -0.900       0.000000
   2.100   -1.500   -0.300       0.000000
   2.100   -1.500    0.300       0.000000
   2.100   -1.500    0.900       0.000000
   2.100   -1.500    1.500       0.000000
   2.100   -1.500    2.100       0.000000
   2.100   -0.900   -2.100       0.000000
   2.100   -0.900   -1.500       0.000000
   2.100   -0.900   -0.900       0.000000
   2.100   -0.900   -0.300       0.000000
   2.100   -0.900    0.300       0.000000
   2.100   -0.900    0.900       0.000000
   2.100   -0.900    1.500       0.000000
   2.100   -0.900    2.100       0.000000
   2.100   -0.300   -2.100       0.000000
   2.100   -0.300   -1.500       0.000000
   2.100   -0.300   -0.900       0.000000
   2.100   -0.300   -0.300       0.000000
   2.100   -0.300    0.300       0.000000
   2.100   -0.300    0.900       0.000000
   2.100   -0.300    1.500       0.000000
   2.100   -0.300    2.100       0.000000
   2.100    0.300   -2.100       0.000000
   2.100    0.300   -1.500       0.000000
   2.100    0.300   -0.900       0.000000
   2.100    0.300   -0.300       0.000000
   2.100    0.300    0.300       0.000000
   2.100    0.300    0.900       0.000000
   2.100    0.300    1.500       0.000000
   2.100    0.300    2.100       0.000000
   2.100    0.900   -2.100       0.000000
   2.100    0.900   -1.500       0.000000
   2.100    0.900   -0.900       0.000000
   2.100    0.900   -0.300       0.000000
   2.100    0.900    0.300       0.000000
   2.100    0.900    0.900       0.000000
   2.100    0.900    1.500       0.000000
   2.100    0.900    2.100       0.000000
   2.100    1.500   -2.100       0.000000
   2.100    1.500   -1.500       0.000000
   2.100    1.500   -0.900       0.000000
   2.100    1.500   -0.300       0.000000
   2.100    1.500    0.300       0.000000
   2.100    1.500    0.900       0.000000
   2.100    1.500    1.500       0.000000
   2.100    1.500    2.100       0.000000
   2.100    2.100   -2.100       0.000000
   2.100    2.100   -1.500       0.000000
   2.100    2.100   -0.900       0.000000
   2.100    2.100   -0.300       0.000000
   2.100    2.100    0.300       0.000000
   2.100    2.100    0.900       0.000000
   2.100    2.100    1.500       0.000000
   2.100    2.100    2.100       0.000000
