-2.1 -2.1 -2.1  0.000000000000
-2.1 -2.1 -1.5  0.000000000000
-2.1 -2.1 -0.9  0.002118880145
-2.1 -2.1 -0.3  0.000172014229
-2.1 -2.1  0.3  0.000000000000
-2.1 -2.1  0.9  0.000000000000
-2.1 -2.1  1.5  0.000000000000
-2.1 -2.1  2.1  0.000000000000
-2.1 -1.5 -2.1  0.000000000000
-2.1 -1.5 -1.5  0.000000000000
-2.1 -1.5 -0.9  0.000088225063
-2.1 -1.5 -0.3  0.000007393162
-2.1 -1.5  0.3  0.000000000000
-2.1 -1.5  0.9  0.000000000000
-2.1 -1.5  1.5  0.000000000000
-2.1 -1.5  2.1  0.000000000000
-2.1 -0.9 -2.1  0.000000000000
-2.1 -0.9 -1.5  0.000000000000
-2.1 -0.9 -0.9  0.000014293446
-2.1 -0.9 -0.3  0.000284883164
-2.1 -0.9  0.3  0.000000000000
-2.1 -0.9  0.9  0.000000000000
-2.1 -0.9  1.5  0.000000000000
-2.1 -0.9  2.1  0.000000000000
-2.1 -0.3 -2.1  0.000000000000
-2.1 -0.3 -1.5  0.000000000000
-2.1 -0.3 -0.9  0.000005421652
-2.1 -0.3 -0.3  0.000104490019
-2.1 -0.3  0.3  0.000000000000
-2.1 -0.3  0.9  0.000000000000
-2.1 -0.3  1.5  0.000000000000
-2.1 -0.3  2.1  0.000000000000
-2.1  0.3 -2.1  0.000000000000
-2.1  0.3 -1.5  0.000000000000
-2.1  0.3 -0.9  0.000000000000
-2.1  0.3 -0.3  0.000000000000
-2.1  0.3  0.3  0.000000000000
-2.1  0.3  0.9  0.000000000000
-2.1  0.3  1.5  0.000000000000
-2.1  0.3  2.1  0.000000000000
-2.1  0.9 -2.1  0.000000000000
-2.1  0.9 -1.5  0.000000000000
-2.1  0.9 -0.9  0.000000000000
-2.1  0.9 -0.3  0.000000000000
-2.1  0.9  0.3  0.000000000000
-2.1  0.9  0.9  0.000000000000
-2.1  0.9  1.5  0.000000000000
-2.1  0.9  2.1  0.000000000000
-2.1  1.5 -2.1  0.000000000000
-2.1  1.5 -1.5  0.000000000000
-2.1  1.5 -0.9  0.000000000000
-2.1  1.5 -0.3  0.000000000000
-2.1  1.5  0.3  0.000000000000
-2.1  1.5  0.9  0.000000000000
-2.1  1.5  1.5  0.000000000000
-2.1  1.5  2.1  0.000000000000
-2.1  2.1 -2.1  0.000000000000
-2.1  2.1 -1.5  0.000000000000
-2.1  2.1 -0.9  0.000000000000
-2.1  2.1 -0.3  0.000000000000
-2.1  2.1  0.3  0.000000000000
-2.1  2.1  0.9  0.000000000000
-2.1  2.1  1.5  0.000000000000
-2.1  2.1  2.1  0.000000000000
-1.5 -2.1 -2.1  0.000000000000
-1.5 -2.1 -1.5  0.000000000000
-1.5 -2.1 -0.9  0.000069495720
-1.5 -2.1 -0.3  0.000005421652
-1.5 -2.1  0.3  0.000000000000
-1.5 -2.1  0.9  0.000000000000
-1.5 -2.1  1.5  0.000000000000
-1.5 -2.1  2.1  0.000000000000
-1.5 -1.5 -2.1  0.000000000000
-1.5 -1.5 -1.5  0.000000000000
-1.5 -1.5 -0.9  0.000002957265
-1.5 -1.5 -0.3  0.000000000000
-1.5 -1.5  0.3  0.000000000000
-1.5 -1.5  0.9  0.000000000000
-1.5 -1.5  1.5  0.000000000000
-1.5 -1.5  2.1  0.000000000000
-1.5 -0.9 -2.1  0.000000000000
-1.5 -0.9 -1.5  0.000000000000
-1.5 -0.9 -0.9  0.000090196573
-1.5 -0.9 -0.3  0.001774358809
-1.5 -0.9  0.3  0.000000000000
-1.5 -0.9  0.9  0.000000000000
-1.5 -0.9  1.5  0.000000000000
-1.5 -0.9  2.1  0.000000000000
-1.5 -0.3 -2.1  0.000000000000
-1.5 -0.3 -1.5  0.000000000000
-1.5 -0.3 -0.9  0.000033022789
-1.5 -0.3 -0.3  0.000650598230
-1.5 -0.3  0.3  0.000000000000
-1.5 -0.3  0.9  0.000000000000
-1.5 -0.3  1.5  0.000000000000
-1.5 -0.3  2.1  0.000000000000
-1.5  0.3 -2.1  0.000000000000
-1.5  0.3 -1.5  0.000000000000
-1.5  0.3 -0.9  0.000000000000
-1.5  0.3 -0.3  0.000000000000
-1.5  0.3  0.3  0.000000000000
-1.5  0.3  0.9  0.000000000000
-1.5  0.3  1.5  0.000000000000
-1.5  0.3  2.1  0.000000000000
-1.5  0.9 -2.1  0.000000000000
-1.5  0.9 -1.5  0.000000000000
-1.5  0.9 -0.9  0.000000000000
-1.5  0.9 -0.3  0.000000000000
-1.5  0.9  0.3  0.000000000000
-1.5  0.9  0.9  0.000000000000
-1.5  0.9  1.5  0.000000000000
-1.5  0.9  2.1  0.000000000000
-1.5  1.5 -2.1  0.000000000000
-1.5  1.5 -1.5  0.000000000000
-1.5  1.5 -0.9  0.000000000000
-1.5  1.5 -0.3  0.000000000000
-1.5  1.5  0.3  0.000000000000
-1.5  1.5  0.9  0.000000000000
-1.5  1.5  1.5  0.000000000000
-1.5  1.5  2.1  0.000000000000
-1.5  2.1 -2.1  0.000000000000
-1.5  2.1 -1.5  0.000000000000
-1.5  2.1 -0.9  0.000000000000
-1.5  2.1 -0.3  0.000000000000
-1.5  2.1  0.3  0.000000000000
-1.5  2.1  0.9  0.000000000000
-1.5  2.1  1.5  0.000000000000
-1.5  2.1  2.1  0.000000000000
-0.9 -2.1 -2.1  0.000000000000
-0.9 -2.1 -1.5  0.000000000000
-0.9 -2.1 -0.9  0.000000000000
-0.9 -2.1 -0.3  0.000000000000
-0.9 -2.1  0.3  0.000000000000
-0.9 -2.1  0.9  0.000000000000
-0.9 -2.1  1.5  0.000000000000
-0.9 -2.1  2.1  0.000000000000
-0.9 -1.5 -2.1  0.000000000000
-0.9 -1.5 -1.5  0.000000000000
-0.9 -1.5 -0.9  0.000000000000
-0.9 -1.5 -0.3  0.000000000000
-0.9 -1.5  0.3  0.000000000000
-0.9 -1.5  0.9  0.000000000000
-0.9 -1.5  1.5  0.000000000000
-0.9 -1.5  2.1  0.000000000000
-0.9 -0.9 -2.1  0.000000000000
-0.9 -0.9 -1.5  0.000000000000
-0.9 -0.9 -0.9  0.000000000000
-0.9 -0.9 -0.3  0.000000000000
-0.9 -0.9  0.3  0.000000000000
-0.9 -0.9  0.9  0.000000000000
-0.9 -0.9  1.5  0.000000000000
-0.9 -0.9  2.1  0.000000000000
-0.9 -0.3 -2.1  0.000000000000
-0.9 -0.3 -1.5  0.000000000000
-0.9 -0.3 -0.9  0.000000000000
-0.9 -0.3 -0.3  0.000000000000
-0.9 -0.3  0.3  0.000000000000
-0.9 -0.3  0.9  0.000000000000
-0.9 -0.3  1.5  0.000000000000
-0.9 -0.3  2.1  0.000000000000
-0.9  0.3 -2.1  0.000000000000
-0.9  0.3 -1.5  0.000000000000
-0.9  0.3 -0.9  0.000000000000
-0.9  0.3 -0.3  0.000000000000
-0.9  0.3  0.3  0.000000000000
-0.9  0.3  0.9  0.000000000000
-0.9  0.3  1.5  0.000000000000
-0.9  0.3  2.1  0.000000000000
-0.9  0.9 -2.1  0.000000000000
-0.9  0.9 -1.5  0.000000000000
-0.9  0.9 -0.9  0.000000000000
-0.9  0.9 -0.3  0.000000000000
-0.9  0.9  0.3 -0.000281925900
-0.9  0.9  0.9 -0.000846270577
-0.9  0.9  1.5  0.000000000000
-0.9  0.9  2.1  0.000000000000
-0.9  1.5 -2.1  0.000000000000
-0.9  1.5 -1.5  0.000000000000
-0.9  1.5 -0.9  0.000000000000
-0.9  1.5 -0.3  0.000000000000
-0.9  1.5  0.3 -0.006771150368
-0.9  1.5  0.9 -0.020312958226
-0.9  1.5  1.5  0.000000000000
-0.9  1.5  2.1  0.000000000000
-0.9  2.1 -2.1  0.000000000000
-0.9  2.1 -1.5  0.000000000000
-0.9  2.1 -0.9  0.000000000000
-0.9  2.1 -0.3  0.000000000000
-0.9  2.1  0.3  0.000000000000
-0.9  2.1  0.9  0.000000000000
-0.9  2.1  1.5  0.000000000000
-0.9  2.1  2.1  0.000000000000
-0.3 -2.1 -2.1  0.000000000000
-0.3 -2.1 -1.5  0.000000000000
-0.3 -2.1 -0.9  0.000000000000
-0.3 -2.1 -0.3  0.000000000000
-0.3 -2.1  0.3  0.000000000000
-0.3 -2.1  0.9  0.000000000000
-0.3 -2.1  1.5  0.000000000000
-0.3 -2.1  2.1  0.000000000000
-0.3 -1.5 -2.1  0.000000000000
-0.3 -1.5 -1.5  0.000000000000
-0.3 -1.5 -0.9  0.000000000000
-0.3 -1.5 -0.3  0.000000000000
-0.3 -1.5  0.3  0.000000000000
-0.3 -1.5  0.9  0.000000000000
-0.3 -1.5  1.5  0.000000000000
-0.3 -1.5  2.1  0.000000000000
-0.3 -0.9 -2.1  0.000000000000
-0.3 -0.9 -1.5  0.000000000000
-0.3 -0.9 -0.9  0.000000000000
-0.3 -0.9 -0.3  0.000000000000
-0.3 -0.9  0.3  0.042501808015
-0.3 -0.9  0.9  0.003281085165
-0.3 -0.9  1.5  0.000000000000
-0.3 -0.9  2.1  0.000000000000
-0.3 -0.3 -2.1  0.000000000000
-0.3 -0.3 -1.5  0.000000000000
-0.3 -0.3 -0.9  0.000000000000
-0.3 -0.3 -0.3  0.000000000000
-0.3 -0.3  0.3  0.002394398638
-0.3 -0.3  0.9  0.000184829043
-0.3 -0.3  1.5  0.000000000000
-0.3 -0.3  2.1  0.000000000000
-0.3  0.3 -2.1  0.000000000000
-0.3  0.3 -1.5  0.000000000000
-0.3  0.3 -0.9  0.000000000000
-0.3  0.3 -0.3  0.000000000000
-0.3  0.3  0.3  0.000000000000
-0.3  0.3  0.9  0.000000000000
-0.3  0.3  1.5  0.000000000000
-0.3  0.3  2.1  0.000000000000
-0.3  0.9 -2.1  0.000000000000
-0.3  0.9 -1.5  0.000000000000
-0.3  0.9 -0.9  0.000000000000
-0.3  0.9 -0.3  0.000000000000
-0.3  0.9  0.3 -0.002911919957
-0.3  0.9  0.9 -0.008735266994
-0.3  0.9  1.5  0.000000000000
-0.3  0.9  2.1  0.000000000000
-0.3  1.5 -2.1  0.000000000000
-0.3  1.5 -1.5  0.000000000000
-0.3  1.5 -0.9  0.000000000000
-0.3  1.5 -0.3  0.000000000000
-0.3  1.5  0.3 -0.069881150199
-0.3  1.5  0.9 -0.209643943475
-0.3  1.5  1.5  0.000000000000
-0.3  1.5  2.1  0.000000000000
-0.3  2.1 -2.1  0.000000000000
-0.3  2.1 -1.5  0.000000000000
-0.3  2.1 -0.9  0.000000000000
-0.3  2.1 -0.3  0.000000000000
-0.3  2.1  0.3  0.000000000000
-0.3  2.1  0.9  0.000000000000
-0.3  2.1  1.5  0.000000000000
-0.3  2.1  2.1  0.000000000000
 0.3 -2.1 -2.1  0.000000000000
 0.3 -2.1 -1.5  0.000000000000
 0.3 -2.1 -0.9  0.000000000000
 0.3 -2.1 -0.3  0.000000000000
 0.3 -2.1  0.3  0.000000000000
 0.3 -2.1  0.9  0.000000000000
 0.3 -2.1  1.5  0.000000000000
 0.3 -2.1  2.1  0.000000000000
 0.3 -1.5 -2.1  0.000000000000
 0.3 -1.5 -1.5  0.000000000000
 0.3 -1.5 -0.9  0.000000000000
 0.3 -1.5 -0.3  0.000000000000
 0.3 -1.5  0.3  0.000000000000
 0.3 -1.5  0.9  0.000000000000
 0.3 -1.5  1.5  0.000000000000
 0.3 -1.5  2.1  0.000000000000
 0.3 -0.9 -2.1  0.000000000000
 0.3 -0.9 -1.5  0.000000000000
 0.3 -0.9 -0.9  0.000000000000
 0.3 -0.9 -0.3  0.000000000000
 0.3 -0.9  0.3  0.006444372620
 0.3 -0.9  0.9  0.000497313344
 0.3 -0.9  1.5  0.000000000000
 0.3 -0.9  2.1  0.000000000000
 0.3 -0.3 -2.1  0.000000000000
 0.3 -0.3 -1.5  0.000000000000
 0.3 -0.3 -0.9  0.000000000000
 0.3 -0.3 -0.3  0.000000000000
 0.3 -0.3  0.3  0.000363250678
 0.3 -0.3  0.9  0.000028094014
 0.3 -0.3  1.5  0.000000000000
 0.3 -0.3  2.1  0.000000000000
 0.3  0.3 -2.1  0.000000000000
 0.3  0.3 -1.5  0.000000000000
 0.3  0.3 -0.9  0.000000000000
 0.3  0.3 -0.3  0.000000000000
 0.3  0.3  0.3  0.000000000000
 0.3  0.3  0.9  0.059478478802
 0.3  0.3  1.5  0.000099068367
 0.3  0.3  2.1  0.000000000000
 0.3  0.9 -2.1  0.000000000000
 0.3  0.9 -1.5  0.000000000000
 0.3  0.9 -0.9  0.000000000000
 0.3  0.9 -0.3  0.000000000000
 0.3  0.9  0.3  0.000000000000
 0.3  0.9  0.9  0.018102402876
 0.3  0.9  1.5  0.000030065524
 0.3  0.9  2.1  0.000000000000
 0.3  1.5 -2.1  0.000000000000
 0.3  1.5 -1.5  0.000000000000
 0.3  1.5 -0.9  0.000000000000
 0.3  1.5 -0.3  0.000000000000
 0.3  1.5  0.3  0.000000000000
 0.3  1.5  0.9  0.000000000000
 0.3  1.5  1.5  0.000000000000
 0.3  1.5  2.1  0.000000000000
 0.3  2.1 -2.1  0.000000000000
 0.3  2.1 -1.5  0.000000000000
 0.3  2.1 -0.9  0.000000000000
 0.3  2.1 -0.3  0.000000000000
 0.3  2.1  0.3  0.000000000000
 0.3  2.1  0.9  0.000000000000
 0.3  2.1  1.5  0.000000000000
 0.3  2.1  2.1  0.000000000000
 0.9 -2.1 -2.1  0.000000000000
 0.9 -2.1 -1.5  0.000000000000
 0.9 -2.1 -0.9  0.000000000000
 0.9 -2.1 -0.3  0.000000000000
 0.9 -2.1  0.3  0.000000000000
 0.9 -2.1  0.9  0.000000000000
 0.9 -2.1  1.5  0.000000000000
 0.9 -2.1  2.1  0.000000000000
 0.9 -1.5 -2.1  0.000000000000
 0.9 -1.5 -1.5  0.000000000000
 0.9 -1.5 -0.9  0.000000000000
 0.9 -1.5 -0.3  0.000000000000
 0.9 -1.5  0.3  0.000000000000
 0.9 -1.5  0.9  0.000000000000
 0.9 -1.5  1.5  0.000000000000
 0.9 -1.5  2.1  0.000000000000
 0.9 -0.9 -2.1  0.000000000000
 0.9 -0.9 -1.5  0.000000000000
 0.9 -0.9 -0.9  0.000000000000
 0.9 -0.9 -0.3  0.000000000000
 0.9 -0.9  0.3  0.000000000000
 0.9 -0.9  0.9  0.000000000000
 0.9 -0.9  1.5  0.000000000000
 0.9 -0.9  2.1  0.000000000000
 0.9 -0.3 -2.1  0.000000000000
 0.9 -0.3 -1.5  0.000000000000
 0.9 -0.3 -0.9  0.000000000000
 0.9 -0.3 -0.3  0.000000000000
 0.9 -0.3  0.3  0.000000000000
 0.9 -0.3  0.9  0.000000000000
 0.9 -0.3  1.5  0.000000000000
 0.9 -0.3  2.1  0.000000000000
 0.9  0.3 -2.1  0.000000000000
 0.9  0.3 -1.5  0.000000000000
 0.9  0.3 -0.9  0.000000000000
 0.9  0.3 -0.3  0.000000000000
 0.9  0.3  0.3  0.000000000000
 0.9  0.3  0.9  0.004666070791
 0.9  0.3  1.5 -0.009128090320
 0.9  0.3  2.1  0.000000000000
 0.9  0.9 -2.1  0.000000000000
 0.9  0.9 -1.5  0.000000000000
 0.9  0.9 -0.9  0.000000000000
 0.9  0.9 -0.3  0.000000000000
 0.9  0.9  0.3  0.000000000000
 0.9  0.9  0.9  0.001627974208
 0.9  0.9  1.5 -0.000215387444
 0.9  0.9  2.1  0.000000000000
 0.9  1.5 -2.1  0.000000000000
 0.9  1.5 -1.5  0.000000000000
 0.9  1.5 -0.9  0.000000000000
 0.9  1.5 -0.3  0.000000000000
 0.9  1.5  0.3  0.000000000000
 0.9  1.5  0.9  0.000000000000
 0.9  1.5  1.5  0.000000000000
 0.9  1.5  2.1  0.000000000000
 0.9  2.1 -2.1  0.000000000000
 0.9  2.1 -1.5  0.000000000000
 0.9  2.1 -0.9  0.000000000000
 0.9  2.1 -0.3  0.000000000000
 0.9  2.1  0.3  0.000000000000
 0.9  2.1  0.9  0.000000000000
 0.9  2.1  1.5  0.000000000000
 0.9  2.1  2.1  0.000000000000
 1.5 -2.1 -2.1  0.000000000000
 1.5 -2.1 -1.5  0.000000000000
 1.5 -2.1 -0.9  0.000000000000
 1.5 -2.1 -0.3  0.000000000000
 1.5 -2.1  0.3  0.000000000000
 1.5 -2.1  0.9  0.000000000000
 1.5 -2.1  1.5  0.000000000000
 1.5 -2.1  2.1  0.000000000000
 1.5 -1.5 -2.1  0.000000000000
 1.5 -1.5 -1.5  0.000000000000
 1.5 -1.5 -0.9  0.000000000000
 1.5 -1.5 -0.3  0.000000000000
 1.5 -1.5  0.3  0.000000000000
 1.5 -1.5  0.9  0.000000000000
 1.5 -1.5  1.5  0.000000000000
 1.5 -1.5  2.1  0.000000000000
 1.5 -0.9 -2.1  0.000000000000
 1.5 -0.9 -1.5  0.000000000000
 1.5 -0.9 -0.9  0.000000000000
 1.5 -0.9 -0.3  0.000000000000
 1.5 -0.9  0.3  0.000000000000
 1.5 -0.9  0.9  0.000000000000
 1.5 -0.9  1.5  0.000000000000
 1.5 -0.9  2.1  0.000000000000
 1.5 -0.3 -2.1  0.000000000000
 1.5 -0.3 -1.5  0.000000000000
 1.5 -0.3 -0.9  0.000000000000
 1.5 -0.3 -0.3  0.000000000000
 1.5 -0.3  0.3  0.000000000000
 1.5 -0.3  0.9  0.000000000000
 1.5 -0.3  1.5  0.000000000000
 1.5 -0.3  2.1  0.000000000000
 1.5  0.3 -2.1  0.000000000000
 1.5  0.3 -1.5  0.000000000000
 1.5  0.3 -0.9  0.000000000000
 1.5  0.3 -0.3  0.000000000000
 1.5  0.3  0.3  0.000000000000
 1.5  0.3  0.9 -0.022654126099
 1.5  0.3  1.5 -0.279400395681
 1.5  0.3  2.1  0.000000000000
 1.5  0.9 -2.1  0.000000000000
 1.5  0.9 -1.5  0.000000000000
 1.5  0.9 -0.9  0.000000000000
 1.5  0.9 -0.3  0.000000000000
 1.5  0.9  0.3  0.000000000000
 1.5  0.9  0.9 -0.000541179437
 1.5  0.9  1.5 -0.006675039266
 1.5  0.9  2.1  0.000000000000
 1.5  1.5 -2.1  0.000000000000
 1.5  1.5 -1.5  0.000000000000
 1.5  1.5 -0.9  0.000000000000
 1.5  1.5 -0.3  0.000000000000
 1.5  1.5  0.3  0.000000000000
 1.5  1.5  0.9  0.000000000000
 1.5  1.5  1.5  0.000000000000
 1.5  1.5  2.1  0.000000000000
 1.5  2.1 -2.1  0.000000000000
 1.5  2.1 -1.5  0.000000000000
 1.5  2.1 -0.9  0.000000000000
 1.5  2.1 -0.3  0.000000000000
 1.5  2.1  0.3  0.000000000000
 1.5  2.1  0.9  0.000000000000
 1.5  2.1  1.5  0.000000000000
 1.5  2.1  2.1  0.000000000000
 2.1 -2.1 -2.1  0.000000000000
 2.1 -2.1 -1.5  0.000000000000
 2.1 -2.1 -0.9  0.000000000000
 2.1 -2.1 -0.3  0.000000000000
 2.1 -2.1  0.3  0.000000000000
 2.1 -2.1  0.9  0.000000000000
 2.1 -2.1  1.5  0.000000000000
 2.1 -2.1  2.1  0.000000000000
 2.1 -1.5 -2.1  0.000000000000
 2.1 -1.5 -1.5  0.000000000000
 2.1 -1.5 -0.9  0.000000000000
 2.1 -1.5 -0.3  0.000000000000
 2.1 -1.5  0.3  0.000000000000
 2.1 -1.5  0.9  0.000000000000
 2.1 -1.5  1.5  0.000000000000
 2.1 -1.5  2.1  0.000000000000
 2.1 -0.9 -2.1  0.000000000000
 2.1 -0.9 -1.5  0.000000000000
 2.1 -0.9 -0.9  0.000000000000
 2.1 -0.9 -0.3  0.000000000000
 2.1 -0.9  0.3  0.000000000000
 2.1 -0.9  0.9  0.000000000000
 2.1 -0.9  1.5  0.000000000000
 2.1 -0.9  2.1  0.000000000000
 2.1 -0.3 -2.1  0.000000000000
 2.1 -0.3 -1.5  0.000000000000
 2.1 -0.3 -0.9  0.000000000000
 2.1 -0.3 -0.3  0.000000000000
 2.1 -0.3  0.3  0.000000000000
 2.1 -0.3  0.9  0.000000000000
 2.1 -0.3  1.5  0.000000000000
 2.1 -0.3  2.1  0.000000000000
 2.1  0.3 -2.1  0.000000000000
 2.1  0.3 -1.5  0.000000000000
 2.1  0.3 -0.9  0.000000000000
 2.1  0.3 -0.3  0.000000000000
 2.1  0.3  0.3  0.000000000000
 2.1  0.3  0.9  0.000000000000
 2.1  0.3  1.5  0.000000000000
 2.1  0.3  2.1  0.000000000000
 2.1  0.9 -2.1  0.000000000000
 2.1  0.9 -1.5  0.000000000000
 2.1  0.9 -0.9  0.000000000000
 2.1  0.9 -0.3  0.000000000000
 2.1  0.9  0.3  0.000000000000
 2.1  0.9  0.9  0.000000000000
 2.1  0.9  1.5  0.000000000000
 2.1  0.9  2.1  0.000000000000
 2.1  1.5 -2.1  0.000000000000
 2.1  1.5 -1.5  0.000000000000
 2.1  1.5 -0.9  0.000000000000
 2.1  1.5 -0.3  0.000000000000
 2.1  1.5  0.3  0.000000000000
 2.1  1.5  0.9  0.000000000000
 2.1  1.5  1.5  0.000000000000
 2.1  1.5  2.1  0.000000000000
 2.1  2.1 -2.1  0.000000000000
 2.1  2.1 -1.5  0.000000000000
 2.1  2.1 -0.9  0.000000000000
 2.1  2.1 -0.3  0.000000000000
 2.1  2.1  0.3  0.000000000000
 2.1  2.1  0.9  0.000000000000
 2.1  2.1  1.5  0.000000000000
 2.1  2.1  2.1  0.000000000000
-2.1 -2.1 -2.1  0.000000000000
-2.1 -2.1 -1.5  0.000000000000
-2.1 -2.1 -0.9  0.423815459180
-2.1 -2.1 -0.3  0.034363415609
-2.1 -2.1  0.3  0.000000000000
-2.1 -2.1  0.9  0.000000000000
-2.1 -2.1  1.5  0.000000000000
-2.1 -2.1  2.1  0.000000000000
-2.1 -1.5 -2.1  0.000000000000
-2.1 -1.5 -1.5  0.000000000000
-2.1 -1.5 -0.9  0.017658813173
-2.1 -1.5 -0.3  0.001431808984
-2.1 -1.5  0.3  0.000000000000
-2.1 -1.5  0.9  0.000000000000
-2.1 -1.5  1.5  0.000000000000
-2.1 -1.5  2.1  0.000000000000
-2.1 -0.9 -2.1  0.000000000000
-2.1 -0.9 -1.5  0.000000000000
-2.1 -0.9 -0.9  0.002411156471
-2.1 -0.9 -0.3  0.047474941456
-2.1 -0.9  0.3  0.000000000000
-2.1 -0.9  0.9  0.000000000000
-2.1 -0.9  1.5  0.000000000000
-2.1 -0.9  2.1  0.000000000000
-2.1 -0.3 -2.1  0.000000000000
-2.1 -0.3 -1.5  0.000000000000
-2.1 -0.3 -0.9  0.000884222140
-2.1 -0.3 -0.3  0.017410895817
-2.1 -0.3  0.3  0.000000000000
-2.1 -0.3  0.9  0.000000000000
-2.1 -0.3  1.5  0.000000000000
-2.1 -0.3  2.1  0.000000000000
-2.1  0.3 -2.1  0.000000000000
-2.1  0.3 -1.5  0.000000000000
-2.1  0.3 -0.9  0.000000000000
-2.1  0.3 -0.3  0.000000000000
-2.1  0.3  0.3  0.000000000000
-2.1  0.3  0.9  0.000000000000
-2.1  0.3  1.5  0.000000000000
-2.1  0.3  2.1  0.000000000000
-2.1  0.9 -2.1  0.000000000000
-2.1  0.9 -1.5  0.000000000000
-2.1  0.9 -0.9  0.000000000000
-2.1  0.9 -0.3  0.000000000000
-2.1  0.9  0.3  0.000000000000
-2.1  0.9  0.9  0.000000000000
-2.1  0.9  1.5  0.000000000000
-2.1  0.9  2.1  0.000000000000
-2.1  1.5 -2.1  0.000000000000
-2.1  1.5 -1.5  0.000000000000
-2.1  1.5 -0.9  0.000000000000
-2.1  1.5 -0.3  0.000000000000
-2.1  1.5  0.3  0.000000000000
-2.1  1.5  0.9  0.000000000000
-2.1  1.5  1.5  0.000000000000
-2.1  1.5  2.1  0.000000000000
-2.1  2.1 -2.1  0.000000000000
-2.1  2.1 -1.5  0.000000000000
-2.1  2.1 -0.9  0.000000000000
-2.1  2.1 -0.3  0.000000000000
-2.1  2.1  0.3  0.000000000000
-2.1  2.1  0.9  0.000000000000
-2.1  2.1  1.5  0.000000000000
-2.1  2.1  2.1  0.000000000000
-1.5 -2.1 -2.1  0.000000000000
-1.5 -2.1 -1.5  0.000000000000
-1.5 -2.1 -0.9  0.013859713811
-1.5 -2.1 -0.3  0.001123760579
-1.5 -2.1  0.3  0.000000000000
-1.5 -2.1  0.9  0.000000000000
-1.5 -2.1  1.5  0.000000000000
-1.5 -2.1  2.1  0.000000000000
-1.5 -1.5 -2.1  0.000000000000
-1.5 -1.5 -1.5  0.000000000000
-1.5 -1.5 -0.9  0.000577652368
-1.5 -1.5 -0.3  0.000046823357
-1.5 -1.5  0.3  0.000000000000
-1.5 -1.5  0.9  0.000000000000
-1.5 -1.5  1.5  0.000000000000
-1.5 -1.5  2.1  0.000000000000
-1.5 -0.9 -2.1  0.000000000000
-1.5 -0.9 -1.5  0.000000000000
-1.5 -0.9 -0.9  0.015018961567
-1.5 -0.9 -0.3  0.295717103566
-1.5 -0.9  0.3  0.000000000000
-1.5 -0.9  0.9  0.000000000000
-1.5 -0.9  1.5  0.000000000000
-1.5 -0.9  2.1  0.000000000000
-1.5 -0.3 -2.1  0.000000000000
-1.5 -0.3 -1.5  0.000000000000
-1.5 -0.3 -0.9  0.005507905471
-1.5 -0.3 -0.3  0.108452260574
-1.5 -0.3  0.3  0.000000000000
-1.5 -0.3  0.9  0.000000000000
-1.5 -0.3  1.5  0.000000000000
-1.5 -0.3  2.1  0.000000000000
-1.5  0.3 -2.1  0.000000000000
-1.5  0.3 -1.5  0.000000000000
-1.5  0.3 -0.9  0.000000000000
-1.5  0.3 -0.3  0.000000000000
-1.5  0.3  0.3  0.000000000000
-1.5  0.3  0.9  0.000000000000
-1.5  0.3  1.5  0.000000000000
-1.5  0.3  2.1  0.000000000000
-1.5  0.9 -2.1  0.000000000000
-1.5  0.9 -1.5  0.000000000000
-1.5  0.9 -0.9  0.000000000000
-1.5  0.9 -0.3  0.000000000000
-1.5  0.9  0.3  0.000000000000
-1.5  0.9  0.9  0.000000000000
-1.5  0.9  1.5  0.000000000000
-1.5  0.9  2.1  0.000000000000
-1.5  1.5 -2.1  0.000000000000
-1.5  1.5 -1.5  0.000000000000
-1.5  1.5 -0.9  0.000000000000
-1.5  1.5 -0.3  0.000000000000
-1.5  1.5  0.3  0.000000000000
-1.5  1.5  0.9  0.000000000000
-1.5  1.5  1.5  0.000000000000
-1.5  1.5  2.1  0.000000000000
-1.5  2.1 -2.1  0.000000000000
-1.5  2.1 -1.5  0.000000000000
-1.5  2.1 -0.9  0.000000000000
-1.5  2.1 -0.3  0.000000000000
-1.5  2.1  0.3  0.000000000000
-1.5  2.1  0.9  0.000000000000
-1.5  2.1  1.5  0.000000000000
-1.5  2.1  2.1  0.000000000000
-0.9 -2.1 -2.1  0.000000000000
-0.9 -2.1 -1.5  0.000000000000
-0.9 -2.1 -0.9  0.000000000000
-0.9 -2.1 -0.3  0.000000000000
-0.9 -2.1  0.3  0.000000000000
-0.9 -2.1  0.9  0.000000000000
-0.9 -2.1  1.5  0.000000000000
-0.9 -2.1  2.1  0.000000000000
-0.9 -1.5 -2.1  0.000000000000
-0.9 -1.5 -1.5  0.000000000000
-0.9 -1.5 -0.9  0.000000000000
-0.9 -1.5 -0.3  0.000000000000
-0.9 -1.5  0.3  0.000000000000
-0.9 -1.5  0.9  0.000000000000
-0.9 -1.5  1.5  0.000000000000
-0.9 -1.5  2.1  0.000000000000
-0.9 -0.9 -2.1  0.000000000000
-0.9 -0.9 -1.5  0.000000000000
-0.9 -0.9 -0.9  0.000000000000
-0.9 -0.9 -0.3  0.000000000000
-0.9 -0.9  0.3  0.000000000000
-0.9 -0.9  0.9  0.000000000000
-0.9 -0.9  1.5  0.000000000000
-0.9 -0.9  2.1  0.000000000000
-0.9 -0.3 -2.1  0.000000000000
-0.9 -0.3 -1.5  0.000000000000
-0.9 -0.3 -0.9  0.000000000000
-0.9 -0.3 -0.3  0.000000000000
-0.9 -0.3  0.3  0.000000000000
-0.9 -0.3  0.9  0.000000000000
-0.9 -0.3  1.5  0.000000000000
-0.9 -0.3  2.1  0.000000000000
-0.9  0.3 -2.1  0.000000000000
-0.9  0.3 -1.5  0.000000000000
-0.9  0.3 -0.9  0.000000000000
-0.9  0.3 -0.3  0.000000000000
-0.9  0.3  0.3  0.000000000000
-0.9  0.3  0.9  0.000000000000
-0.9  0.3  1.5  0.000000000000
-0.9  0.3  2.1  0.000000000000
-0.9  0.9 -2.1  0.000000000000
-0.9  0.9 -1.5  0.000000000000
-0.9  0.9 -0.9  0.000000000000
-0.9  0.9 -0.3  0.000000000000
-0.9  0.9  0.3  0.000000000000
-0.9  0.9  0.9  0.000000000000
-0.9  0.9  1.5  0.000000000000
-0.9  0.9  2.1  0.000000000000
-0.9  1.5 -2.1  0.000000000000
-0.9  1.5 -1.5  0.000000000000
-0.9  1.5 -0.9  0.000000000000
-0.9  1.5 -0.3  0.000000000000
-0.9  1.5  0.3  0.000000000000
-0.9  1.5  0.9  0.000000000000
-0.9  1.5  1.5  0.000000000000
-0.9  1.5  2.1  0.000000000000
-0.9  2.1 -2.1  0.000000000000
-0.9  2.1 -1.5  0.000000000000
-0.9  2.1 -0.9  0.000000000000
-0.9  2.1 -0.3  0.000000000000
-0.9  2.1  0.3  0.000000000000
-0.9  2.1  0.9  0.000000000000
-0.9  2.1  1.5  0.000000000000
-0.9  2.1  2.1  0.000000000000
-0.3 -2.1 -2.1  0.000000000000
-0.3 -2.1 -1.5  0.000000000000
-0.3 -2.1 -0.9  0.000000000000
-0.3 -2.1 -0.3  0.000000000000
-0.3 -2.1  0.3  0.000000000000
-0.3 -2.1  0.9  0.000000000000
-0.3 -2.1  1.5  0.000000000000
-0.3 -2.1  2.1  0.000000000000
-0.3 -1.5 -2.1  0.000000000000
-0.3 -1.5 -1.5  0.000000000000
-0.3 -1.5 -0.9  0.000000000000
-0.3 -1.5 -0.3  0.000000000000
-0.3 -1.5  0.3  0.000000000000
-0.3 -1.5  0.9  0.000000000000
-0.3 -1.5  1.5  0.000000000000
-0.3 -1.5  2.1  0.000000000000
-0.3 -0.9 -2.1  0.000000000000
-0.3 -0.9 -1.5  0.000000000000
-0.3 -0.9 -0.9  0.000000000000
-0.3 -0.9 -0.3  0.000000000000
-0.3 -0.9  0.3  0.376120201505
-0.3 -0.9  0.9  0.029036396161
-0.3 -0.9  1.5  0.000000000000
-0.3 -0.9  2.1  0.000000000000
-0.3 -0.3 -2.1  0.000000000000
-0.3 -0.3 -1.5  0.000000000000
-0.3 -0.3 -0.9  0.000000000000
-0.3 -0.3 -0.3  0.000000000000
-0.3 -0.3  0.3  0.021189787204
-0.3 -0.3  0.9  0.001635860247
-0.3 -0.3  1.5  0.000000000000
-0.3 -0.3  2.1  0.000000000000
-0.3  0.3 -2.1  0.000000000000
-0.3  0.3 -1.5  0.000000000000
-0.3  0.3 -0.9  0.000000000000
-0.3  0.3 -0.3  0.000000000000
-0.3  0.3  0.3  0.000000000000
-0.3  0.3  0.9  0.000000000000
-0.3  0.3  1.5  0.000000000000
-0.3  0.3  2.1  0.000000000000
-0.3  0.9 -2.1  0.000000000000
-0.3  0.9 -1.5  0.000000000000
-0.3  0.9 -0.9  0.000000000000
-0.3  0.9 -0.3  0.000000000000
-0.3  0.9  0.3  0.000000000000
-0.3  0.9  0.9  0.000000000000
-0.3  0.9  1.5  0.000000000000
-0.3  0.9  2.1  0.000000000000
-0.3  1.5 -2.1  0.000000000000
-0.3  1.5 -1.5  0.000000000000
-0.3  1.5 -0.9  0.000000000000
-0.3  1.5 -0.3  0.000000000000
-0.3  1.5  0.3  0.000000000000
-0.3  1.5  0.9  0.000000000000
-0.3  1.5  1.5  0.000000000000
-0.3  1.5  2.1  0.000000000000
-0.3  2.1 -2.1  0.000000000000
-0.3  2.1 -1.5  0.000000000000
-0.3  2.1 -0.9  0.000000000000
-0.3  2.1 -0.3  0.000000000000
-0.3  2.1  0.3  0.000000000000
-0.3  2.1  0.9  0.000000000000
-0.3  2.1  1.5  0.000000000000
-0.3  2.1  2.1  0.000000000000
 0.3 -2.1 -2.1  0.000000000000
 0.3 -2.1 -1.5  0.000000000000
 0.3 -2.1 -0.9  0.000000000000
 0.3 -2.1 -0.3  0.000000000000
 0.3 -2.1  0.3  0.000000000000
 0.3 -2.1  0.9  0.000000000000
 0.3 -2.1  1.5  0.000000000000
 0.3 -2.1  2.1  0.000000000000
 0.3 -1.5 -2.1  0.000000000000
 0.3 -1.5 -1.5  0.000000000000
 0.3 -1.5 -0.9  0.000000000000
 0.3 -1.5 -0.3  0.000000000000
 0.3 -1.5  0.3  0.000000000000
 0.3 -1.5  0.9  0.000000000000
 0.3 -1.5  1.5  0.000000000000
 0.3 -1.5  2.1  0.000000000000
 0.3 -0.9 -2.1  0.000000000000
 0.3 -0.9 -1.5  0.000000000000
 0.3 -0.9 -0.9  0.000000000000
 0.3 -0.9 -0.3  0.000000000000
 0.3 -0.9  0.3  0.057031835154
 0.3 -0.9  0.9  0.004402874235
 0.3 -0.9  1.5  0.000000000000
 0.3 -0.9  2.1  0.000000000000
 0.3 -0.3 -2.1  0.000000000000
 0.3 -0.3 -1.5  0.000000000000
 0.3 -0.3 -0.9  0.000000000000
 0.3 -0.3 -0.3  0.000000000000
 0.3 -0.3  0.3  0.003213068077
 0.3 -0.3  0.9  0.000247917356
 0.3 -0.3  1.5  0.000000000000
 0.3 -0.3  2.1  0.000000000000
 0.3  0.3 -2.1  0.000000000000
 0.3  0.3 -1.5  0.000000000000
 0.3  0.3 -0.9  0.000000000000
 0.3  0.3 -0.3  0.000000000000
 0.3  0.3  0.3  0.000000000000
 0.3  0.3  0.9  0.345805774123
 0.3  0.3  1.5  0.000577159491
 0.3  0.3  2.1  0.000000000000
 0.3  0.9 -2.1  0.000000000000
 0.3  0.9 -1.5  0.000000000000
 0.3  0.9 -0.9  0.000000000000
 0.3  0.9 -0.3  0.000000000000
 0.3  0.9  0.3  0.000000000000
 0.3  0.9  0.9  0.105245107026
 0.3  0.9  1.5  0.000175464371
 0.3  0.9  2.1  0.000000000000
 0.3  1.5 -2.1  0.000000000000
 0.3  1.5 -1.5  0.000000000000
 0.3  1.5 -0.9  0.000000000000
 0.3  1.5 -0.3  0.000000000000
 0.3  1.5  0.3  0.000000000000
 0.3  1.5  0.9  0.000000000000
 0.3  1.5  1.5  0.000000000000
 0.3  1.5  2.1  0.000000000000
 0.3  2.1 -2.1  0.000000000000
 0.3  2.1 -1.5  0.000000000000
 0.3  2.1 -0.9  0.000000000000
 0.3  2.1 -0.3  0.000000000000
 0.3  2.1  0.3  0.000000000000
 0.3  2.1  0.9  0.000000000000
 0.3  2.1  1.5  0.000000000000
 0.3  2.1  2.1  0.000000000000
 0.9 -2.1 -2.1  0.000000000000
 0.9 -2.1 -1.5  0.000000000000
 0.9 -2.1 -0.9  0.000000000000
 0.9 -2.1 -0.3  0.000000000000
 0.9 -2.1  0.3  0.000000000000
 0.9 -2.1  0.9  0.000000000000
 0.9 -2.1  1.5  0.000000000000
 0.9 -2.1  2.1  0.000000000000
 0.9 -1.5 -2.1  0.000000000000
 0.9 -1.5 -1.5  0.000000000000
 0.9 -1.5 -0.9  0.000000000000
 0.9 -1.5 -0.3  0.000000000000
 0.9 -1.5  0.3  0.000000000000
 0.9 -1.5  0.9  0.000000000000
 0.9 -1.5  1.5  0.000000000000
 0.9 -1.5  2.1  0.000000000000
 0.9 -0.9 -2.1  0.000000000000
 0.9 -0.9 -1.5  0.000000000000
 0.9 -0.9 -0.9  0.000000000000
 0.9 -0.9 -0.3  0.000000000000
 0.9 -0.9  0.3  0.000000000000
 0.9 -0.9  0.9  0.000000000000
 0.9 -0.9  1.5  0.000000000000
 0.9 -0.9  2.1  0.000000000000
 0.9 -0.3 -2.1  0.000000000000
 0.9 -0.3 -1.5  0.000000000000
 0.9 -0.3 -0.9  0.000000000000
 0.9 -0.3 -0.3  0.000000000000
 0.9 -0.3  0.3  0.000000000000
 0.9 -0.3  0.9  0.000000000000
 0.9 -0.3  1.5  0.000000000000
 0.9 -0.3  2.1  0.000000000000
 0.9  0.3 -2.1  0.000000000000
 0.9  0.3 -1.5  0.000000000000
 0.9  0.3 -0.9  0.000000000000
 0.9  0.3 -0.3  0.000000000000
 0.9  0.3  0.3  0.000000000000
 0.9  0.3  0.9  0.031436709329
 0.9  0.3  1.5  0.000052245009
 0.9  0.3  2.1  0.000000000000
 0.9  0.9 -2.1  0.000000000000
 0.9  0.9 -1.5  0.000000000000
 0.9  0.9 -0.9  0.000000000000
 0.9  0.9 -0.3  0.000000000000
 0.9  0.9  0.3  0.000000000000
 0.9  0.9  0.9  0.009567737002
 0.9  0.9  1.5  0.000015772078
 0.9  0.9  2.1  0.000000000000
 0.9  1.5 -2.1  0.000000000000
 0.9  1.5 -1.5  0.000000000000
 0.9  1.5 -0.9  0.000000000000
 0.9  1.5 -0.3  0.000000000000
 0.9  1.5  0.3  0.000000000000
 0.9  1.5  0.9  0.000000000000
 0.9  1.5  1.5  0.000000000000
 0.9  1.5  2.1  0.000000000000
 0.9  2.1 -2.1  0.000000000000
 0.9  2.1 -1.5  0.000000000000
 0.9  2.1 -0.9  0.000000000000
 0.9  2.1 -0.3  0.000000000000
 0.9  2.1  0.3  0.000000000000
 0.9  2.1  0.9  0.000000000000
 0.9  2.1  1.5  0.000000000000
 0.9  2.1  2.1  0.000000000000
 1.5 -2.1 -2.1  0.000000000000
 1.5 -2.1 -1.5  0.000000000000
 1.5 -2.1 -0.9  0.000000000000
 1.5 -2.1 -0.3  0.000000000000
 1.5 -2.1  0.3  0.000000000000
 1.5 -2.1  0.9  0.000000000000
 1.5 -2.1  1.5  0.000000000000
 1.5 -2.1  2.1  0.000000000000
 1.5 -1.5 -2.1  0.000000000000
 1.5 -1.5 -1.5  0.000000000000
 1.5 -1.5 -0.9  0.000000000000
 1.5 -1.5 -0.3  0.000000000000
 1.5 -1.5  0.3  0.000000000000
 1.5 -1.5  0.9  0.000000000000
 1.5 -1.5  1.5  0.000000000000
 1.5 -1.5  2.1  0.000000000000
 1.5 -0.9 -2.1  0.000000000000
 1.5 -0.9 -1.5  0.000000000000
 1.5 -0.9 -0.9  0.000000000000
 1.5 -0.9 -0.3  0.000000000000
 1.5 -0.9  0.3  0.000000000000
 1.5 -0.9  0.9  0.000000000000
 1.5 -0.9  1.5  0.000000000000
 1.5 -0.9  2.1  0.000000000000
 1.5 -0.3 -2.1  0.000000000000
 1.5 -0.3 -1.5  0.000000000000
 1.5 -0.3 -0.9  0.000000000000
 1.5 -0.3 -0.3  0.000000000000
 1.5 -0.3  0.3  0.000000000000
 1.5 -0.3  0.9  0.000000000000
 1.5 -0.3  1.5  0.000000000000
 1.5 -0.3  2.1  0.000000000000
 1.5  0.3 -2.1  0.000000000000
 1.5  0.3 -1.5  0.000000000000
 1.5  0.3 -0.9  0.000000000000
 1.5  0.3 -0.3  0.000000000000
 1.5  0.3  0.3  0.000000000000
 1.5  0.3  0.9  0.000000000000
 1.5  0.3  1.5  0.000000000000
 1.5  0.3  2.1  0.000000000000
 1.5  0.9 -2.1  0.000000000000
 1.5  0.9 -1.5  0.000000000000
 1.5  0.9 -0.9  0.000000000000
 1.5  0.9 -0.3  0.000000000000
 1.5  0.9  0.3  0.000000000000
 1.5  0.9  0.9  0.000000000000
 1.5  0.9  1.5  0.000000000000
 1.5  0.9  2.1  0.000000000000
 1.5  1.5 -2.1  0.000000000000
 1.5  1.5 -1.5  0.000000000000
 1.5  1.5 -0.9  0.000000000000
 1.5  1.5 -0.3  0.000000000000
 1.5  1.5  0.3  0.000000000000
 1.5  1.5  0.9  0.000000000000
 1.5  1.5  1.5  0.000000000000
 1.5  1.5  2.1  0.000000000000
 1.5  2.1 -2.1  0.000000000000
 1.5  2.1 -1.5  0.000000000000
 1.5  2.1 -0.9  0.000000000000
 1.5  2.1 -0.3  0.000000000000
 1.5  2.1  0.3  0.000000000000
 1.5  2.1  0.9  0.000000000000
 1.5  2.1  1.5  0.000000000000
 1.5  2.1  2.1  0.000000000000
 2.1 -2.1 -2.1  0.000000000000
 2.1 -2.1 -1.5  0.000000000000
 2.1 -2.1 -0.9  0.000000000000
 2.1 -2.1 -0.3  0.000000000000
 2.1 -2.1  0.3  0.000000000000
 2.1 -2.1  0.9  0.000000000000
 2.1 -2.1  1.5  0.000000000000
 2.1 -2.1  2.1  0.000000000000
 2.1 -1.5 -2.1  0.000000000000
 2.1 -1.5 -1.5  0.000000000000
 2.1 -1.5 -0.9  0.000000000000
 2.1 -1.5 -0.3  0.000000000000
 2.1 -1.5  0.3  0.000000000000
 2.1 -1.5  0.9  0.000000000000
 2.1 -1.5  1.5  0.000000000000
 2.1 -1.5  2.1  0.000000000000
 2.1 -0.9 -2.1  0.000000000000
 2.1 -0.9 -1.5  0.000000000000
 2.1 -0.9 -0.9  0.000000000000
 2.1 -0.9 -0.3  0.000000000000
 2.1 -0.9  0.3  0.000000000000
 2.1 -0.9  0.9  0.000000000000
 2.1 -0.9  1.5  0.000000000000
 2.1 -0.9  2.1  0.000000000000
 2.1 -0.3 -2.1  0.000000000000
 2.1 -0.3 -1.5  0.000000000000
 2.1 -0.3 -0.9  0.000000000000
 2.1 -0.3 -0.3  0.000000000000
 2.1 -0.3  0.3  0.000000000000
 2.1 -0.3  0.9  0.000000000000
 2.1 -0.3  1.5  0.000000000000
 2.1 -0.3  2.1  0.000000000000
 2.1  0.3 -2.1  0.000000000000
 2.1  0.3 -1.5  0.000000000000
 2.1  0.3 -0.9  0.000000000000
 2.1  0.3 -0.3  0.000000000000
 2.1  0.3  0.3  0.000000000000
 2.1  0.3  0.9  0.000000000000
 2.1  0.3  1.5  0.000000000000
 2.1  0.3  2.1  0.000000000000
 2.1  0.9 -2.1  0.000000000000
 2.1  0.9 -1.5  0.000000000000
 2.1  0.9 -0.9  0.000000000000
 2.1  0.9 -0.3  0.000000000000
 2.1  0.9  0.3  0.000000000000
 2.1  0.9  0.9  0.000000000000
 2.1  0.9  1.5  0.000000000000
 2.1  0.9  2.1  0.000000000000
 2.1  1.5 -2.1  0.000000000000
 2.1  1.5 -1.5  0.000000000000
 2.1  1.5 -0.9  0.000000000000
 2.1  1.5 -0.3  0.000000000000
 2.1  1.5  0.3  0.000000000000
 2.1  1.5  0.9  0.000000000000
 2.1  1.5  1.5  0.000000000000
 2.1  1.5  2.1  0.000000000000
 2.1  2.1 -2.1  0.000000000000
 2.1  2.1 -1.5  0.000000000000
 2.1  2.1 -0.9  0.000000000000
 2.1  2.1 -0.3  0.000000000000
 2.1  2.1  0.3  0.000000000000
 2.1  2.1  0.9  0.000000000000
 2.1  2.1  1.5  0.000000000000
 2.1  2.1  2.1  0.000000000000
-2.1 -2.1 -2.1  0.000000000000
-2.1 -2.1 -1.5  0.000000000000
-2.1 -2.1 -0.9  0.000000000000
-2.1 -2.1 -0.3  0.000000000000
-2.1 -2.1  0.3  0.000000000000
-2.1 -2.1  0.9  0.000000000000
-2.1 -2.1  1.5  0.000000000000
-2.1 -2.1  2.1  0.000000000000
-2.1 -1.5 -2.1  0.000000000000
-2.1 -1.5 -1.5  0.000000000000
-2.1 -1.5 -0.9  0.000000000000
-2.1 -1.5 -0.3  0.000000000000
-2.1 -1.5  0.3  0.000000000000
-2.1 -1.5  0.9  0.000000000000
-2.1 -1.5  1.5  0.000000000000
-2.1 -1.5  2.1  0.000000000000
-2.1 -0.9 -2.1  0.000000000000
-2.1 -0.9 -1.5  0.000000000000
-2.1 -0.9 -0.9  0.000000000000
-2.1 -0.9 -0.3  0.000000000000
-2.1 -0.9  0.3  0.000000000000
-2.1 -0.9  0.9  0.000000000000
-2.1 -0.9  1.5  0.000000000000
-2.1 -0.9  2.1  0.000000000000
-2.1 -0.3 -2.1  0.000000000000
-2.1 -0.3 -1.5  0.000000000000
-2.1 -0.3 -0.9  0.000000000000
-2.1 -0.3 -0.3  0.000000000000
-2.1 -0.3  0.3  0.000000000000
-2.1 -0.3  0.9  0.000000000000
-2.1 -0.3  1.5  0.000000000000
-2.1 -0.3  2.1  0.000000000000
-2.1  0.3 -2.1  0.000000000000
-2.1  0.3 -1.5  0.000000000000
-2.1  0.3 -0.9  0.000000000000
-2.1  0.3 -0.3  0.000000000000
-2.1  0.3  0.3  0.000000000000
-2.1  0.3  0.9  0.000000000000
-2.1  0.3  1.5  0.000000000000
-2.1  0.3  2.1  0.000000000000
-2.1  0.9 -2.1  0.000000000000
-2.1  0.9 -1.5  0.000000000000
-2.1  0.9 -0.9  0.000000000000
-2.1  0.9 -0.3  0.000000000000
-2.1  0.9  0.3  0.000000000000
-2.1  0.9  0.9  0.000000000000
-2.1  0.9  1.5  0.000000000000
-2.1  0.9  2.1  0.000000000000
-2.1  1.5 -2.1  0.000000000000
-2.1  1.5 -1.5  0.000000000000
-2.1  1.5 -0.9  0.000000000000
-2.1  1.5 -0.3  0.000000000000
-2.1  1.5  0.3  0.000000000000
-2.1  1.5  0.9  0.000000000000
-2.1  1.5  1.5  0.000000000000
-2.1  1.5  2.1  0.000000000000
-2.1  2.1 -2.1  0.000000000000
-2.1  2.1 -1.5  0.000000000000
-2.1  2.1 -0.9  0.000000000000
-2.1  2.1 -0.3  0.000000000000
-2.1  2.1  0.3  0.000000000000
-2.1  2.1  0.9  0.000000000000
-2.1  2.1  1.5  0.000000000000
-2.1  2.1  2.1  0.000000000000
-1.5 -2.1 -2.1  0.000000000000
-1.5 -2.1 -1.5  0.000000000000
-1.5 -2.1 -0.9  0.000000000000
-1.5 -2.1 -0.3  0.000000000000
-1.5 -2.1  0.3  0.000000000000
-1.5 -2.1  0.9  0.000000000000
-1.5 -2.1  1.5  0.000000000000
-1.5 -2.1  2.1  0.000000000000
-1.5 -1.5 -2.1  0.000000000000
-1.5 -1.5 -1.5  0.000000000000
-1.5 -1.5 -0.9  0.000000000000
-1.5 -1.5 -0.3  0.000000000000
-1.5 -1.5  0.3  0.000000000000
-1.5 -1.5  0.9  0.000000000000
-1.5 -1.5  1.5  0.000000000000
-1.5 -1.5  2.1  0.000000000000
-1.5 -0.9 -2.1  0.000000000000
-1.5 -0.9 -1.5  0.000000000000
-1.5 -0.9 -0.9  0.000000000000
-1.5 -0.9 -0.3  0.000000000000
-1.5 -0.9  0.3  0.000000000000
-1.5 -0.9  0.9  0.000000000000
-1.5 -0.9  1.5  0.000000000000
-1.5 -0.9  2.1  0.000000000000
-1.5 -0.3 -2.1  0.000000000000
-1.5 -0.3 -1.5  0.000000000000
-1.5 -0.3 -0.9  0.000000000000
-1.5 -0.3 -0.3  0.000000000000
-1.5 -0.3  0.3  0.000000000000
-1.5 -0.3  0.9  0.000000000000
-1.5 -0.3  1.5  0.000000000000
-1.5 -0.3  2.1  0.000000000000
-1.5  0.3 -2.1  0.000000000000
-1.5  0.3 -1.5  0.000000000000
-1.5  0.3 -0.9  0.000000000000
-1.5  0.3 -0.3  0.000000000000
-1.5  0.3  0.3  0.000000000000
-1.5  0.3  0.9  0.000000000000
-1.5  0.3  1.5  0.000000000000
-1.5  0.3  2.1  0.000000000000
-1.5  0.9 -2.1  0.000000000000
-1.5  0.9 -1.5  0.000000000000
-1.5  0.9 -0.9  0.000000000000
-1.5  0.9 -0.3  0.000000000000
-1.5  0.9  0.3  0.000000000000
-1.5  0.9  0.9  0.000000000000
-1.5  0.9  1.5  0.000000000000
-1.5  0.9  2.1  0.000000000000
-1.5  1.5 -2.1  0.000000000000
-1.5  1.5 -1.5  0.000000000000
-1.5  1.5 -0.9  0.000000000000
-1.5  1.5 -0.3  0.000000000000
-1.5  1.5  0.3  0.000000000000
-1.5  1.5  0.9  0.000000000000
-1.5  1.5  1.5  0.000000000000
-1.5  1.5  2.1  0.000000000000
-1.5  2.1 -2.1  0.000000000000
-1.5  2.1 -1.5  0.000000000000
-1.5  2.1 -0.9  0.000000000000
-1.5  2.1 -0.3  0.000000000000
-1.5  2.1  0.3  0.000000000000
-1.5  2.1  0.9  0.000000000000
-1.5  2.1  1.5  0.000000000000
-1.5  2.1  2.1  0.000000000000
-0.9 -2.1 -2.1  0.000000000000
-0.9 -2.1 -1.5  0.000000000000
-0.9 -2.1 -0.9  0.000000000000
-0.9 -2.1 -0.3  0.000000000000
-0.9 -2.1  0.3  0.000000000000
-0.9 -2.1  0.9  0.000000000000
-0.9 -2.1  1.5  0.000000000000
-0.9 -2.1  2.1  0.000000000000
-0.9 -1.5 -2.1  0.000000000000
-0.9 -1.5 -1.5  0.000000000000
-0.9 -1.5 -0.9  0.000000000000
-0.9 -1.5 -0.3  0.000000000000
-0.9 -1.5  0.3  0.000000000000
-0.9 -1.5  0.9  0.000000000000
-0.9 -1.5  1.5  0.000000000000
-0.9 -1.5  2.1  0.000000000000
-0.9 -0.9 -2.1  0.000000000000
-0.9 -0.9 -1.5  0.000000000000
-0.9 -0.9 -0.9  0.000000000000
-0.9 -0.9 -0.3  0.000000000000
-0.9 -0.9  0.3  0.000000000000
-0.9 -0.9  0.9  0.000000000000
-0.9 -0.9  1.5  0.000000000000
-0.9 -0.9  2.1  0.000000000000
-0.9 -0.3 -2.1  0.000000000000
-0.9 -0.3 -1.5  0.000000000000
-0.9 -0.3 -0.9  0.000000000000
-0.9 -0.3 -0.3  0.000000000000
-0.9 -0.3  0.3  0.000000000000
-0.9 -0.3  0.9  0.000000000000
-0.9 -0.3  1.5  0.000000000000
-0.9 -0.3  2.1  0.000000000000
-0.9  0.3 -2.1  0.000000000000
-0.9  0.3 -1.5  0.000000000000
-0.9  0.3 -0.9  0.000000000000
-0.9  0.3 -0.3  0.000000000000
-0.9  0.3  0.3  0.000000000000
-0.9  0.3  0.9  0.000000000000
-0.9  0.3  1.5  0.000000000000
-0.9  0.3  2.1  0.000000000000
-0.9  0.9 -2.1  0.000000000000
-0.9  0.9 -1.5  0.000000000000
-0.9  0.9 -0.9  0.000000000000
-0.9  0.9 -0.3  0.000000000000
-0.9  0.9  0.3  0.000435210786
-0.9  0.9  0.9  0.001306125235
-0.9  0.9  1.5  0.000000000000
-0.9  0.9  2.1  0.000000000000
-0.9  1.5 -2.1  0.000000000000
-0.9  1.5 -1.5  0.000000000000
-0.9  1.5 -0.9  0.000000000000
-0.9  1.5 -0.3  0.000000000000
-0.9  1.5  0.3  0.010449001878
-0.9  1.5  0.9  0.031347005633
-0.9  1.5  1.5  0.000000000000
-0.9  1.5  2.1  0.000000000000
-0.9  2.1 -2.1  0.000000000000
-0.9  2.1 -1.5  0.000000000000
-0.9  2.1 -0.9  0.000000000000
-0.9  2.1 -0.3  0.000000000000
-0.9  2.1  0.3  0.000000000000
-0.9  2.1  0.9  0.000000000000
-0.9  2.1  1.5  0.000000000000
-0.9  2.1  2.1  0.000000000000
-0.3 -2.1 -2.1  0.000000000000
-0.3 -2.1 -1.5  0.000000000000
-0.3 -2.1 -0.9  0.000000000000
-0.3 -2.1 -0.3  0.000000000000
-0.3 -2.1  0.3  0.000000000000
-0.3 -2.1  0.9  0.000000000000
-0.3 -2.1  1.5  0.000000000000
-0.3 -2.1  2.1  0.000000000000
-0.3 -1.5 -2.1  0.000000000000
-0.3 -1.5 -1.5  0.000000000000
-0.3 -1.5 -0.9  0.000000000000
-0.3 -1.5 -0.3  0.000000000000
-0.3 -1.5  0.3  0.000000000000
-0.3 -1.5  0.9  0.000000000000
-0.3 -1.5  1.5  0.000000000000
-0.3 -1.5  2.1  0.000000000000
-0.3 -0.9 -2.1  0.000000000000
-0.3 -0.9 -1.5  0.000000000000
-0.3 -0.9 -0.9  0.000000000000
-0.3 -0.9 -0.3  0.000000000000
-0.3 -0.9  0.3  0.000000000000
-0.3 -0.9  0.9  0.000000000000
-0.3 -0.9  1.5  0.000000000000
-0.3 -0.9  2.1  0.000000000000
-0.3 -0.3 -2.1  0.000000000000
-0.3 -0.3 -1.5  0.000000000000
-0.3 -0.3 -0.9  0.000000000000
-0.3 -0.3 -0.3  0.000000000000
-0.3 -0.3  0.3  0.000000000000
-0.3 -0.3  0.9  0.000000000000
-0.3 -0.3  1.5  0.000000000000
-0.3 -0.3  2.1  0.000000000000
-0.3  0.3 -2.1  0.000000000000
-0.3  0.3 -1.5  0.000000000000
-0.3  0.3 -0.9  0.000000000000
-0.3  0.3 -0.3  0.000000000000
-0.3  0.3  0.3  0.000000000000
-0.3  0.3  0.9  0.000000000000
-0.3  0.3  1.5  0.000000000000
-0.3  0.3  2.1  0.000000000000
-0.3  0.9 -2.1  0.000000000000
-0.3  0.9 -1.5  0.000000000000
-0.3  0.9 -0.9  0.000000000000
-0.3  0.9 -0.3  0.000000000000
-0.3  0.9  0.3  0.004493563685
-0.3  0.9  0.9  0.013480198177
-0.3  0.9  1.5  0.000000000000
-0.3  0.9  2.1  0.000000000000
-0.3  1.5 -2.1  0.000000000000
-0.3  1.5 -1.5  0.000000000000
-0.3  1.5 -0.9  0.000000000000
-0.3  1.5 -0.3  0.000000000000
-0.3  1.5  0.3  0.107841585417
-0.3  1.5  0.9  0.323524756251
-0.3  1.5  1.5  0.000000000000
-0.3  1.5  2.1  0.000000000000
-0.3  2.1 -2.1  0.000000000000
-0.3  2.1 -1.5  0.000000000000
-0.3  2.1 -0.9  0.000000000000
-0.3  2.1 -0.3  0.000000000000
-0.3  2.1  0.3  0.000000000000
-0.3  2.1  0.9  0.000000000000
-0.3  2.1  1.5  0.000000000000
-0.3  2.1  2.1  0.000000000000
 0.3 -2.1 -2.1  0.000000000000
 0.3 -2.1 -1.5  0.000000000000
 0.3 -2.1 -0.9  0.000000000000
 0.3 -2.1 -0.3  0.000000000000
 0.3 -2.1  0.3  0.000000000000
 0.3 -2.1  0.9  0.000000000000
 0.3 -2.1  1.5  0.000000000000
 0.3 -2.1  2.1  0.000000000000
 0.3 -1.5 -2.1  0.000000000000
 0.3 -1.5 -1.5  0.000000000000
 0.3 -1.5 -0.9  0.000000000000
 0.3 -1.5 -0.3  0.000000000000
 0.3 -1.5  0.3  0.000000000000
 0.3 -1.5  0.9  0.000000000000
 0.3 -1.5  1.5  0.000000000000
 0.3 -1.5  2.1  0.000000000000
 0.3 -0.9 -2.1  0.000000000000
 0.3 -0.9 -1.5  0.000000000000
 0.3 -0.9 -0.9  0.000000000000
 0.3 -0.9 -0.3  0.000000000000
 0.3 -0.9  0.3  0.000000000000
 0.3 -0.9  0.9  0.000000000000
 0.3 -0.9  1.5  0.000000000000
 0.3 -0.9  2.1  0.000000000000
 0.3 -0.3 -2.1  0.000000000000
 0.3 -0.3 -1.5  0.000000000000
 0.3 -0.3 -0.9  0.000000000000
 0.3 -0.3 -0.3  0.000000000000
 0.3 -0.3  0.3  0.000000000000
 0.3 -0.3  0.9  0.000000000000
 0.3 -0.3  1.5  0.000000000000
 0.3 -0.3  2.1  0.000000000000
 0.3  0.3 -2.1  0.000000000000
 0.3  0.3 -1.5  0.000000000000
 0.3  0.3 -0.9  0.000000000000
 0.3  0.3 -0.3  0.000000000000
 0.3  0.3  0.3  0.000000000000
 0.3  0.3  0.9  0.000000000000
 0.3  0.3  1.5  0.000000000000
 0.3  0.3  2.1  0.000000000000
 0.3  0.9 -2.1  0.000000000000
 0.3  0.9 -1.5  0.000000000000
 0.3  0.9 -0.9  0.000000000000
 0.3  0.9 -0.3  0.000000000000
 0.3  0.9  0.3  0.000000000000
 0.3  0.9  0.9  0.000000000000
 0.3  0.9  1.5  0.000000000000
 0.3  0.9  2.1  0.000000000000
 0.3  1.5 -2.1  0.000000000000
 0.3  1.5 -1.5  0.000000000000
 0.3  1.5 -0.9  0.000000000000
 0.3  1.5 -0.3  0.000000000000
 0.3  1.5  0.3  0.000000000000
 0.3  1.5  0.9  0.000000000000
 0.3  1.5  1.5  0.000000000000
 0.3  1.5  2.1  0.000000000000
 0.3  2.1 -2.1  0.000000000000
 0.3  2.1 -1.5  0.000000000000
 0.3  2.1 -0.9  0.000000000000
 0.3  2.1 -0.3  0.000000000000
 0.3  2.1  0.3  0.000000000000
 0.3  2.1  0.9  0.000000000000
 0.3  2.1  1.5  0.000000000000
 0.3  2.1  2.1  0.000000000000
 0.9 -2.1 -2.1  0.000000000000
 0.9 -2.1 -1.5  0.000000000000
 0.9 -2.1 -0.9  0.000000000000
 0.9 -2.1 -0.3  0.000000000000
 0.9 -2.1  0.3  0.000000000000
 0.9 -2.1  0.9  0.000000000000
 0.9 -2.1  1.5  0.000000000000
 0.9 -2.1  2.1  0.000000000000
 0.9 -1.5 -2.1  0.000000000000
 0.9 -1.5 -1.5  0.000000000000
 0.9 -1.5 -0.9  0.000000000000
 0.9 -1.5 -0.3  0.000000000000
 0.9 -1.5  0.3  0.000000000000
 0.9 -1.5  0.9  0.000000000000
 0.9 -1.5  1.5  0.000000000000
 0.9 -1.5  2.1  0.000000000000
 0.9 -0.9 -2.1  0.000000000000
 0.9 -0.9 -1.5  0.000000000000
 0.9 -0.9 -0.9  0.000000000000
 0.9 -0.9 -0.3  0.000000000000
 0.9 -0.9  0.3  0.000000000000
 0.9 -0.9  0.9  0.000000000000
 0.9 -0.9  1.5  0.000000000000
 0.9 -0.9  2.1  0.000000000000
 0.9 -0.3 -2.1  0.000000000000
 0.9 -0.3 -1.5  0.000000000000
 0.9 -0.3 -0.9  0.000000000000
 0.9 -0.3 -0.3  0.000000000000
 0.9 -0.3  0.3  0.000000000000
 0.9 -0.3  0.9  0.000000000000
 0.9 -0.3  1.5  0.000000000000
 0.9 -0.3  2.1  0.000000000000
 0.9  0.3 -2.1  0.000000000000
 0.9  0.3 -1.5  0.000000000000
 0.9  0.3 -0.9  0.000000000000
 0.9  0.3 -0.3  0.000000000000
 0.9  0.3  0.3  0.000000000000
 0.9  0.3  0.9  0.001143475677
 0.9  0.3  1.5  0.014100238006
 0.9  0.3  2.1  0.000000000000
 0.9  0.9 -2.1  0.000000000000
 0.9  0.9 -1.5  0.000000000000
 0.9  0.9 -0.9  0.000000000000
 0.9  0.9 -0.3  0.000000000000
 0.9  0.9  0.3  0.000000000000
 0.9  0.9  0.9  0.000027108260
 0.9  0.9  1.5  0.000336635296
 0.9  0.9  2.1  0.000000000000
 0.9  1.5 -2.1  0.000000000000
 0.9  1.5 -1.5  0.000000000000
 0.9  1.5 -0.9  0.000000000000
 0.9  1.5 -0.3  0.000000000000
 0.9  1.5  0.3  0.000000000000
 0.9  1.5  0.9  0.000000000000
 0.9  1.5  1.5  0.000000000000
 0.9  1.5  2.1  0.000000000000
 0.9  2.1 -2.1  0.000000000000
 0.9  2.1 -1.5  0.000000000000
 0.9  2.1 -0.9  0.000000000000
 0.9  2.1 -0.3  0.000000000000
 0.9  2.1  0.3  0.000000000000
 0.9  2.1  0.9  0.000000000000
 0.9  2.1  1.5  0.000000000000
 0.9  2.1  2.1  0.000000000000
 1.5 -2.1 -2.1  0.000000000000
 1.5 -2.1 -1.5  0.000000000000
 1.5 -2.1 -0.9  0.000000000000
 1.5 -2.1 -0.3  0.000000000000
 1.5 -2.1  0.3  0.000000000000
 1.5 -2.1  0.9  0.000000000000
 1.5 -2.1  1.5  0.000000000000
 1.5 -2.1  2.1  0.000000000000
 1.5 -1.5 -2.1  0.000000000000
 1.5 -1.5 -1.5  0.000000000000
 1.5 -1.5 -0.9  0.000000000000
 1.5 -1.5 -0.3  0.000000000000
 1.5 -1.5  0.3  0.000000000000
 1.5 -1.5  0.9  0.000000000000
 1.5 -1.5  1.5  0.000000000000
 1.5 -1.5  2.1  0.000000000000
 1.5 -0.9 -2.1  0.000000000000
 1.5 -0.9 -1.5  0.000000000000
 1.5 -0.9 -0.9  0.000000000000
 1.5 -0.9 -0.3  0.000000000000
 1.5 -0.9  0.3  0.000000000000
 1.5 -0.9  0.9  0.000000000000
 1.5 -0.9  1.5  0.000000000000
 1.5 -0.9  2.1  0.000000000000
 1.5 -0.3 -2.1  0.000000000000
 1.5 -0.3 -1.5  0.000000000000
 1.5 -0.3 -0.9  0.000000000000
 1.5 -0.3 -0.3  0.000000000000
 1.5 -0.3  0.3  0.000000000000
 1.5 -0.3  0.9  0.000000000000
 1.5 -0.3  1.5  0.000000000000
 1.5 -0.3  2.1  0.000000000000
 1.5  0.3 -2.1  0.000000000000
 1.5  0.3 -1.5  0.000000000000
 1.5  0.3 -0.9  0.000000000000
 1.5  0.3 -0.3  0.000000000000
 1.5  0.3  0.3  0.000000000000
 1.5  0.3  0.9  0.034959797320
 1.5  0.3  1.5  0.431173133709
 1.5  0.3  2.1  0.000000000000
 1.5  0.9 -2.1  0.000000000000
 1.5  0.9 -1.5  0.000000000000
 1.5  0.9 -0.9  0.000000000000
 1.5  0.9 -0.3  0.000000000000
 1.5  0.9  0.3  0.000000000000
 1.5  0.9  0.9  0.000835427273
 1.5  0.9  1.5  0.010301138644
 1.5  0.9  2.1  0.000000000000
 1.5  1.5 -2.1  0.000000000000
 1.5  1.5 -1.5  0.000000000000
 1.5  1.5 -0.9  0.000000000000
 1.5  1.5 -0.3  0.000000000000
 1.5  1.5  0.3  0.000000000000
 1.5  1.5  0.9  0.000000000000
 1.5  1.5  1.5  0.000000000000
 1.5  1.5  2.1  0.000000000000
 1.5  2.1 -2.1  0.000000000000
 1.5  2.1 -1.5  0.000000000000
 1.5  2.1 -0.9  0.000000000000
 1.5  2.1 -0.3  0.000000000000
 1.5  2.1  0.3  0.000000000000
 1.5  2.1  0.9  0.000000000000
 1.5  2.1  1.5  0.000000000000
 1.5  2.1  2.1  0.000000000000
 2.1 -2.1 -2.1  0.000000000000
 2.1 -2.1 -1.5  0.000000000000
 2.1 -2.1 -0.9  0.000000000000
 2.1 -2.1 -0.3  0.000000000000
 2.1 -2.1  0.3  0.000000000000
 2.1 -2.1  0.9  0.000000000000
 2.1 -2.1  1.5  0.000000000000
 2.1 -2.1  2.1  0.000000000000
 2.1 -1.5 -2.1  0.000000000000
 2.1 -1.5 -1.5  0.000000000000
 2.1 -1.5 -0.9  0.000000000000
 2.1 -1.5 -0.3  0.000000000000
 2.1 -1.5  0.3  0.000000000000
 2.1 -1.5  0.9  0.000000000000
 2.1 -1.5  1.5  0.000000000000
 2.1 -1.5  2.1  0.000000000000
 2.1 -0.9 -2.1  0.000000000000
 2.1 -0.9 -1.5  0.000000000000
 2.1 -0.9 -0.9  0.000000000000
 2.1 -0.9 -0.3  0.000000000000
 2.1 -0.9  0.3  0.000000000000
 2.1 -0.9  0.9  0.000000000000
 2.1 -0.9  1.5  0.000000000000
 2.1 -0.9  2.1  0.000000000000
 2.1 -0.3 -2.1  0.000000000000
 2.1 -0.3 -1.5  0.000000000000
 2.1 -0.3 -0.9  0.000000000000
 2.1 -0.3 -0.3  0.000000000000
 2.1 -0.3  0.3  0.000000000000
 2.1 -0.3  0.9  0.000000000000
 2.1 -0.3  1.5  0.000000000000
 2.1 -0.3  2.1  0.000000000000
 2.1  0.3 -2.1  0.000000000000
 2.1  0.3 -1.5  0.000000000000
 2.1  0.3 -0.9  0.000000000000
 2.1  0.3 -0.3  0.000000000000
 2.1  0.3  0.3  0.000000000000
 2.1  0.3  0.9  0.000000000000
 2.1  0.3  1.5  0.000000000000
 2.1  0.3  2.1  0.000000000000
 2.1  0.9 -2.1  0.000000000000
 2.1  0.9 -1.5  0.000000000000
 2.1  0.9 -0.9  0.000000000000
 2.1  0.9 -0.3  0.000000000000
 2.1  0.9  0.3  0.000000000000
 2.1  0.9  0.9  0.000000000000
 2.1  0.9  1.5  0.000000000000
 2.1  0.9  2.1  0.000000000000
 2.1  1.5 -2.1  0.000000000000
 2.1  1.5 -1.5  0.000000000000
 2.1  1.5 -0.9  0.000000000000
 2.1  1.5 -0.3  0.000000000000
 2.1  1.5  0.3  0.000000000000
 2.1  1.5  0.9  0.000000000000
 2.1  1.5  1.5  0.000000000000
 2.1  1.5  2.1  0.000000000000
 2.1  2.1 -2.1  0.000000000000
 2.1  2.1 -1.5  0.000000000000
 2.1  2.1 -0.9  0.000000000000
 2.1  2.1 -0.3  0.000000000000
 2.1  2.1  0.3  0.000000000000
 2.1  2.1  0.9  0.000000000000
 2.1  2.1  1.5  0.000000000000
 2.1  2.1  2.1  0.000000000000
