  -2.100   -2.100   -2.100     25965.257561
  -2.100   -2.100   -1.500    814756.861016
  -2.100   -2.100   -0.900   5255994.221008
  -2.100   -2.100   -0.300    812036.859312
  -2.100   -2.100    0.300     24036.682109
  -2.100   -2.100    0.900      1473.155964
  -2.100   -2.100    1.500      5430.553147
  -2.100   -2.100    2.100     28391.872288
  -2.100   -1.500   -2.100    191691.274910
  -2.100   -1.500   -1.500  51369824.030825
  -2.100   -1.500   -0.900 4991815761.966460
  -2.100   -1.500   -0.300  51167742.429020
  -2.100   -1.500    0.300    170308.285245
  -2.100   -1.500    0.900      2856.070090
  -2.100   -1.500    1.500       792.111076
  -2.100   -1.500    2.100      2313.954924
  -2.100   -0.900   -2.100    608347.261628
  -2.100   -0.900   -1.500  79749259.620042
  -2.100   -0.900   -0.900 2294582734.614535
  -2.100   -0.900   -0.300  37820755.917796
  -2.100   -0.900    0.300    189654.489171
  -2.100   -0.900    0.900      3560.805536
  -2.100   -0.900    1.500       240.321036
  -2.100   -0.900    2.100       263.446431
  -2.100   -0.300   -2.100   1603049.936030
  -2.100   -0.300   -1.500 926289134.816679
  -2.100   -0.300   -0.900 14407358506.494066
  -2.100   -0.300   -0.300  28098664.332858
  -2.100   -0.300    0.300    131382.904474
  -2.100   -0.300    0.900      2883.873563
  -2.100   -0.300    1.500       171.762258
  -2.100   -0.300    2.100        89.463247
  -2.100    0.300   -2.100    920007.578320
  -2.100    0.300   -1.500 163003863.042373
  -2.100    0.300   -0.900 421155347.281119
  -2.100    0.300   -0.300   4298525.780439
  -2.100    0.300    0.300     53816.008226
  -2.100    0.300    0.900      1701.622549
  -2.100    0.300    1.500       210.994653
  -2.100    0.300    2.100       361.634331
  -2.100    0.900   -2.100   2855501.294482
  -2.100    0.900   -1.500 21482632448.427345
  -2.100    0.900   -0.900 210844135606.297974
  -2.100    0.900   -0.300  12130204.146059
  -2.100    0.900    0.300     35518.778835
  -2.100    0.900    0.900      1149.297248
  -2.100    0.900    1.500       737.758786
  -2.100    0.900    2.100      2947.269997
  -2.100    1.500   -2.100    365459.984712
  -2.100    1.500   -1.500  44002361.188751
  -2.100    1.500   -0.900  90242603.954200
  -2.100    1.500   -0.300    984833.157937
  -2.100    1.500    0.300     11647.340784
  -2.100    1.500    0.900      2238.148678
  -2.100    1.500    1.500      6976.137646
  -2.100    1.500    2.100     43628.799474
  -2.100    2.100   -2.100     11195.988745
  -2.100    2.100   -1.500    100920.236335
  -2.100    2.100   -0.900    129738.755274
  -2.100    2.100   -0.300     19249.773816
  -2.100    2.100    0.300      3878.299921
  -2.100    2.100    0.900     37738.560235
  -2.100    2.100    1.500    339675.519541
  -2.100    2.100    2.100   1030279.411512
  -1.500   -2.100   -2.100     44987.524405
  -1.500   -2.100   -1.500   2583244.419888
  -1.500   -2.100   -0.900  27251054.444889
  -1.500   -2.100   -0.300   2582623.219927
  -1.500   -2.100    0.300     43689.547206
  -1.500   -2.100    0.900      1428.410743
  -1.500   -2.100    1.500       775.033993
  -1.500   -2.100    2.100      1515.493103
  -1.500   -1.500   -2.100    395857.977023
  -1.500   -1.500   -1.500 681619093.007187
  -1.500   -1.500   -0.900 21794656250284.371094
  -1.500   -1.500   -0.300 681607589.810446
  -1.500   -1.500    0.300    393003.744002
  -1.500   -1.500    0.900      3798.289902
  -1.500   -1.500    1.500       401.274744
  -1.500   -1.500    2.100       457.568200
  -1.500   -0.900   -2.100    352439.818534
  -1.500   -0.900   -1.500 360036042.908221
  -1.500   -0.900   -0.900 1148091123588.853760
  -1.500   -0.900   -0.300 359804094.498617
  -1.500   -0.900    0.300    329891.169319
  -1.500   -0.900    0.900      3684.535431
  -1.500   -0.900    1.500       213.517380
  -1.500   -0.900    2.100       132.342065
  -1.500   -0.300   -2.100     92957.469796
  -1.500   -0.300   -1.500   2298137.777122
  -1.500   -0.300   -0.900  11535932.588704
  -1.500   -0.300   -0.300   1492544.855375
  -1.500   -0.300    0.300     41227.311945
  -1.500   -0.300    0.900      1553.976807
  -1.500   -0.300    1.500       134.874809
  -1.500   -0.300    2.100       176.343061
  -1.500    0.300   -2.100     66332.435002
  -1.500    0.300   -1.500   1025480.817637
  -1.500    0.300   -0.900   1558934.142063
  -1.500    0.300   -0.300    172690.685980
  -1.500    0.300    0.300      9761.274859
  -1.500    0.300    0.900       660.489173
  -1.500    0.300    1.500       264.393384
  -1.500    0.300    2.100      1660.243114
  -1.500    0.900   -2.100    112638.658048
  -1.500    0.900   -1.500   4001919.243927
  -1.500    0.900   -0.900   6412637.532687
  -1.500    0.900   -0.300    251148.046180
  -1.500    0.900    0.300      6463.085002
  -1.500    0.900    0.900       491.952942
  -1.500    0.900    1.500      1277.378178
  -1.500    0.900    2.100     17002.844158
  -1.500    1.500   -2.100     30818.670755
  -1.500    1.500   -1.500    464052.052778
  -1.500    1.500   -0.900    642693.353816
  -1.500    1.500   -0.300     58363.212461
  -1.500    1.500    0.300      2735.037389
  -1.500    1.500    0.900      1483.309492
  -1.500    1.500    1.500      8282.715853
  -1.500    1.500    2.100    139002.627841
  -1.500    2.100   -2.100      2612.889240
  -1.500    2.100   -1.500     12754.460426
  -1.500    2.100   -0.900     15180.914563
  -1.500    2.100   -0.300      3864.752106
  -1.500    2.100    0.300      2235.628921
  -1.500    2.100    0.900     25571.746995
  -1.500    2.100    1.500    213828.341740
  -1.500    2.100    2.100   2974907.160074
  -0.900   -2.100   -2.100     15149.442995
  -0.900   -2.100   -1.500    294436.961956
  -0.900   -2.100   -0.900   1369328.188029
  -0.900   -2.100   -0.300    294134.400723
  -0.900   -2.100    0.300     13681.235293
  -0.900   -2.100    0.900      3741.114505
  -0.900   -2.100    1.500     10608.187019
  -0.900   -2.100    2.100     10463.618460
  -0.900   -1.500   -2.100     74936.754822
  -0.900   -1.500   -1.500   7836294.063578
  -0.900   -1.500   -0.900 153247659.700106
  -0.900   -1.500   -0.300   7835847.868910
  -0.900   -1.500    0.300     74841.047867
  -0.900   -1.500    0.900      3018.096154
  -0.900   -1.500    1.500      4206.345971
  -0.900   -1.500    2.100      4117.685965
  -0.900   -0.900   -2.100     65778.609205
  -0.900   -0.900   -1.500   5739792.070869
  -0.900   -0.900   -0.900  92570220.233477
  -0.900   -0.900   -0.300   5737095.921655
  -0.900   -0.900    0.300     64919.177762
  -0.900   -0.900    0.900      1822.304854
  -0.900   -0.900    1.500       780.129259
  -0.900   -0.900    2.100       739.036061
  -0.900   -0.300   -2.100     12049.368402
  -0.900   -0.300   -1.500    183706.816406
  -0.900   -0.300   -0.900    709477.656757
  -0.900   -0.300   -0.300    178124.629050
  -0.900   -0.300    0.300     10358.066109
  -0.900   -0.300    0.900       632.621521
  -0.900   -0.300    1.500       184.691367
  -0.900   -0.300    2.100       441.858523
  -0.900    0.300   -2.100      3651.305041
  -0.900    0.300   -1.500     16838.820226
  -0.900    0.300   -0.900     24247.403292
  -0.900    0.300   -0.300      9279.167826
  -0.900    0.300    0.300      1513.750809
  -0.900    0.300    0.900       222.926716
  -0.900    0.300    1.500       492.622473
  -0.900    0.300    2.100      6265.184221
  -0.900    0.900   -2.100      3274.671235
  -0.900    0.900   -1.500     17112.064233
  -0.900    0.900   -0.900     20682.786908
  -0.900    0.900   -0.300      5197.487997
  -0.900    0.900    0.300       672.361567
  -0.900    0.900    0.900       244.130115
  -0.900    0.900    1.500      2908.029016
  -0.900    0.900    2.100    128906.050103
  -0.900    1.500   -2.100      1454.138150
  -0.900    1.500   -1.500      6288.123244
  -0.900    1.500   -0.900      7360.542062
  -0.900    1.500   -0.300      2132.774310
  -0.900    1.500    0.300       390.777520
  -0.900    1.500    0.900       706.394965
  -0.900    1.500    1.500      9305.628892
  -0.900    1.500    2.100    853480.515908
  -0.900    2.100   -2.100       431.460084
  -0.900    2.100   -1.500       886.051973
  -0.900    2.100   -0.900       945.763187
  -0.900    2.100   -0.300       430.757497
  -0.900    2.100    0.300       656.579434
  -0.900    2.100    0.900      5074.695422
  -0.900    2.100    1.500     33852.966151
  -0.900    2.100    2.100    902145.228251
  -0.300   -2.100   -2.100      4267.553746
  -0.300   -2.100   -1.500     11294.503704
  -0.300   -2.100   -0.900     25042.812875
  -0.300   -2.100   -0.300     13286.776548
  -0.300   -2.100    0.300      8563.589458
  -0.300   -2.100    0.900    112166.192418
  -0.300   -2.100    1.500   1292340.513521
  -0.300   -2.100    2.100   1253247.986042
  -0.300   -1.500   -2.100      4590.738048
  -0.300   -1.500   -1.500     52150.236344
  -0.300   -1.500   -0.900    158794.492353
  -0.300   -1.500   -0.300     52675.829112
  -0.300   -1.500    0.300      6967.912063
  -0.300   -1.500    0.900     29613.430229
  -0.300   -1.500    1.500    191120.920083
  -0.300   -1.500    2.100    187081.126693
  -0.300   -0.900   -2.100      4104.128846
  -0.300   -0.900   -1.500     45478.678981
  -0.300   -0.900   -0.900    134514.631115
  -0.300   -0.900   -0.300     45496.814153
  -0.300   -0.900    0.300      4517.865738
  -0.300   -0.900    0.900      3162.073315
  -0.300   -0.900    1.500      9664.327373
  -0.300   -0.900    2.100      9615.496770
  -0.300   -0.300   -2.100      1260.167471
  -0.300   -0.300   -1.500      7688.656970
  -0.300   -0.300   -0.900     16486.655455
  -0.300   -0.300   -0.300      7568.567020
  -0.300   -0.300    0.300      1241.421295
  -0.300   -0.300    0.900       373.767103
  -0.300   -0.300    1.500       600.310137
  -0.300   -0.300    2.100       928.824352
  -0.300    0.300   -2.100       331.040236
  -0.300    0.300   -1.500      1035.011811
  -0.300    0.300   -0.900      1509.689285
  -0.300    0.300   -0.300       862.047229
  -0.300    0.300    0.300       239.164955
  -0.300    0.300    0.900        98.488617
  -0.300    0.300    1.500       546.702637
  -0.300    0.300    2.100      7540.793131
  -0.300    0.900   -2.100       171.378029
  -0.300    0.900   -1.500       444.754981
  -0.300    0.900   -0.900       511.071710
  -0.300    0.900   -0.300       256.032359
  -0.300    0.900    0.300        81.382634
  -0.300    0.900    0.900       154.011900
  -0.300    0.900    1.500      3173.975709
  -0.300    0.900    2.100    176830.621586
  -0.300    1.500   -2.100        90.357788
  -0.300    1.500   -1.500       212.028096
  -0.300    1.500   -0.900       231.897742
  -0.300    1.500   -0.300       115.121304
  -0.300    1.500    0.300        63.046731
  -0.300    1.500    0.900       329.358796
  -0.300    1.500    1.500      8427.779067
  -0.300    1.500    2.100   1288403.789899
  -0.300    2.100   -2.100       113.607114
  -0.300    2.100   -1.500        95.125043
  -0.300    2.100   -0.900        76.402905
  -0.300    2.100   -0.300        51.558854
  -0.300    2.100    0.300       127.834971
  -0.300    2.100    0.900       762.464647
  -0.300    2.100    1.500      7871.904321
  -0.300    2.100    2.100    488150.538515
   0.300   -2.100   -2.100      2750.766910
   0.300   -2.100   -1.500     11058.878061
   0.300   -2.100   -0.900    115518.353518
   0.300   -2.100   -0.300    210687.813325
   0.300   -2.100    0.300    101683.830464
   0.300   -2.100    0.900   5379728.515841
   0.300   -2.100    1.500 2505405792.992073
   0.300   -2.100    2.100 2250316550.762609
   0.300   -1.500   -2.100       518.178693
   0.300   -1.500   -1.500      2429.417260
   0.300   -1.500   -0.900      8802.783603
   0.300   -1.500   -0.300     11866.159108
   0.300   -1.500    0.300     17209.958281
   0.300   -1.500    0.900    520667.446054
   0.300   -1.500    1.500  15891130.306898
   0.300   -1.500    2.100  15177107.910924
   0.300   -0.900   -2.100       296.995878
   0.300   -0.900   -1.500      1132.943710
   0.300   -0.900   -0.900      2118.359078
   0.300   -0.900   -0.300      1620.852773
   0.300   -0.900    0.300      2110.196124
   0.300   -0.900    0.900     17542.563357
   0.300   -0.900    1.500     95267.445659
   0.300   -0.900    2.100     94684.161402
   0.300   -0.300   -2.100       132.601175
   0.300   -0.300   -1.500       383.454371
   0.300   -0.300   -0.900       604.591276
   0.300   -0.300   -0.300       414.901399
   0.300   -0.300    0.300       284.630282
   0.300   -0.300    0.900       794.827807
   0.300   -0.300    1.500      2048.462950
   0.300   -0.300    2.100      2320.745933
   0.300    0.300   -2.100        48.073841
   0.300    0.300   -1.500        91.971550
   0.300    0.300   -0.900       121.176878
   0.300    0.300   -0.300        84.260926
   0.300    0.300    0.300        45.725593
   0.300    0.300    0.900        76.467149
   0.300    0.300    1.500       329.053421
   0.300    0.300    2.100      2497.868845
   0.300    0.900   -2.100        19.162543
   0.300    0.900   -1.500        27.988331
   0.300    0.900   -0.900        30.565767
   0.300    0.900   -0.300        18.434399
   0.300    0.900    0.300        10.746082
   0.300    0.900    0.900        69.927539
   0.300    0.900    1.500      1138.673922
   0.300    0.900    2.100     28071.488909
   0.300    1.500   -2.100         8.870830
   0.300    1.500   -1.500        10.614943
   0.300    1.500   -0.900         9.653889
   0.300    1.500   -0.300         4.530846
   0.300    1.500    0.300         9.555502
   0.300    1.500    0.900       122.385248
   0.300    1.500    1.500      2518.326189
   0.300    1.500    2.100    112988.986235
   0.300    2.100   -2.100        36.268512
   0.300    2.100   -1.500        18.453865
   0.300    2.100   -0.900         8.227968
   0.300    2.100   -0.300         4.171034
   0.300    2.100    0.300        19.745864
   0.300    2.100    0.900       150.915917
   0.300    2.100    1.500      1935.726284
   0.300    2.100    2.100     57057.911950
   0.900   -2.100   -2.100      3471.210445
   0.900   -2.100   -1.500    157801.610502
   0.900   -2.100   -0.900  14811452.847170
   0.900   -2.100   -0.300  59486592.147741
   0.900   -2.100    0.300   2277767.189402
   0.900   -2.100    0.900  34159862.050952
   0.900   -2.100    1.500 5834206396407.318359
   0.900   -2.100    2.100 3981680071383.080566
   0.900   -1.500   -2.100       866.206488
   0.900   -1.500   -1.500      8457.303314
   0.900   -1.500   -0.900     88630.177027
   0.900   -1.500   -0.300    157186.343683
   0.900   -1.500    0.300     62859.752103
   0.900   -1.500    0.900   1679954.477786
   0.900   -1.500    1.500 149944080.869347
   0.900   -1.500    2.100 140453886.120263
   0.900   -0.900   -2.100       437.100457
   0.900   -0.900   -1.500       544.239973
   0.900   -0.900   -0.900      1629.244766
   0.900   -0.900   -0.300      2374.632139
   0.900   -0.900    0.300      3615.193900
   0.900   -0.900    0.900     33413.562686
   0.900   -0.900    1.500    225396.614237
   0.900   -0.900    2.100    237232.210642
   0.900   -0.300   -2.100       263.358420
   0.900   -0.300   -1.500       114.150519
   0.900   -0.300   -0.900       108.803689
   0.900   -0.300   -0.300       135.789048
   0.900   -0.300    0.300       284.857836
   0.900   -0.300    0.900      1171.230007
   0.900   -0.300    1.500      3304.852603
   0.900   -0.300    2.100      4233.627439
   0.900    0.300   -2.100       163.046401
   0.900    0.300   -1.500        44.146497
   0.900    0.300   -0.900        17.361532
   0.900    0.300   -0.300        13.062038
   0.900    0.300    0.300        25.033418
   0.900    0.300    0.900        79.789270
   0.900    0.300    1.500       216.697331
   0.900    0.300    2.100       598.036918
   0.900    0.900   -2.100        85.020170
   0.900    0.900   -1.500        17.133916
   0.900    0.900   -0.900         1.077741
   0.900    0.900   -0.300        -2.630754
   0.900    0.900    0.300        -0.844407
   0.900    0.900    0.900        21.083520
   0.900    0.900    1.500       206.817554
   0.900    0.900    2.100      1908.650663
   0.900    1.500   -2.100        28.206487
   0.900    1.500   -1.500         3.614320
   0.900    1.500   -0.900        -3.390371
   0.900    1.500   -0.300        -5.165716
   0.900    1.500    0.300        -2.723521
   0.900    1.500    0.900        26.572701
   0.900    1.500    1.500       353.456153
   0.900    1.500    2.100      4395.498165
   0.900    2.100   -2.100        17.309520
   0.900    2.100   -1.500         4.723281
   0.900    2.100   -0.900        -1.297083
   0.900    2.100   -0.300        -3.690638
   0.900    2.100    0.300        -0.984089
   0.900    2.100    0.900        27.378379
   0.900    2.100    1.500       286.626103
   0.900    2.100    2.100      2949.344615
   1.500   -2.100   -2.100      6571.126501
   1.500   -2.100   -1.500    423820.136500
   1.500   -2.100   -0.900 155117455.500685
   1.500   -2.100   -0.300 1385506589.836698
   1.500   -2.100    0.300  12302718.725564
   1.500   -2.100    0.900  16921410.973168
   1.500   -2.100    1.500 405323036.023202
   1.500   -2.100    2.100 390023025.538613
   1.500   -1.500   -2.100      8167.889552
   1.500   -1.500   -1.500     16015.205087
   1.500   -1.500   -0.900    215704.867646
   1.500   -1.500   -0.300    417201.303682
   1.500   -1.500    0.300    100127.084017
   1.500   -1.500    0.900    365770.214265
   1.500   -1.500    1.500   6806806.058482
   1.500   -1.500    2.100  10237232.194750
   1.500   -0.900   -2.100      8699.467272
   1.500   -0.900   -1.500      1769.713525
   1.500   -0.900   -0.900      2517.522999
   1.500   -0.900   -0.300      3548.462299
   1.500   -0.900    0.300      3299.892055
   1.500   -0.900    0.900     14651.196470
   1.500   -0.900    1.500     71446.455004
   1.500   -0.900    2.100    166734.868010
   1.500   -0.300   -2.100      3786.734885
   1.500   -0.300   -1.500       650.968202
   1.500   -0.300   -0.900       163.925529
   1.500   -0.300   -0.300       143.695179
   1.500   -0.300    0.300       257.469499
   1.500   -0.300    0.900       921.409858
   1.500   -0.300    1.500      2961.032906
   1.500   -0.300    2.100      8583.402997
   1.500    0.300   -2.100      1980.012208
   1.500    0.300   -1.500       269.310319
   1.500    0.300   -0.900        38.452523
   1.500    0.300   -0.300        11.027914
   1.500    0.300    0.300        27.285973
   1.500    0.300    0.900       105.747434
   1.500    0.300    1.500       323.351903
   1.500    0.300    2.100       805.874717
   1.500    0.900   -2.100       928.100967
   1.500    0.900   -1.500       117.537651
   1.500    0.900   -0.900        11.394350
   1.500    0.900   -0.300        -2.708716
   1.500    0.900    0.300        -1.258044
   1.500    0.900    0.900        12.751672
   1.500    0.900    1.500        59.654179
   1.500    0.900    2.100       206.147921
   1.500    1.500   -2.100       236.471433
   1.500    1.500   -1.500        36.367631
   1.500    1.500   -0.900         1.527568
   1.500    1.500   -0.300        -4.205574
   1.500    1.500    0.300        -4.597534
   1.500    1.500    0.900         1.422685
   1.500    1.500    1.500        38.999829
   1.500    1.500    2.100       227.398437
   1.500    2.100   -2.100        43.693531
   1.500    2.100   -1.500         9.918756
   1.500    2.100   -0.900         1.479067
   1.500    2.100   -0.300        -1.228727
   1.500    2.100    0.300        -2.674951
   1.500    2.100    0.900         1.595056
   1.500    2.100    1.500        34.060389
   1.500    2.100    2.100       185.003838
   2.100   -2.100   -2.100     40926.930645
   2.100   -2.100   -1.500     79022.958835
   2.100   -2.100   -0.900   3407237.625329
   2.100   -2.100   -0.300   9902025.544081
   2.100   -2.100    0.300   2004890.563493
   2.100   -2.100    0.900   2741814.559398
   2.100   -2.100    1.500    720460.634571
   2.100   -2.100    2.100   5993542.562094
   2.100   -1.500   -2.100    366636.324517
   2.100   -1.500   -1.500     19102.046637
   2.100   -1.500   -0.900     46127.783291
   2.100   -1.500   -0.300     77724.625544
   2.100   -1.500    0.300     35302.835859
   2.100   -1.500    0.900     44810.650066
   2.100   -1.500    1.500    159590.121974
   2.100   -1.500    2.100   3976030.636075
   2.100   -0.900   -2.100    463877.714513
   2.100   -0.900   -1.500     16272.124780
   2.100   -0.900   -0.900      1813.566320
   2.100   -0.900   -0.300      1691.194022
   2.100   -0.900    0.300      1850.881580
   2.100   -0.900    0.900      8831.448184
   2.100   -0.900    1.500     80704.884006
   2.100   -0.900    2.100   1169547.971410
   2.100   -0.300   -2.100     75299.349237
   2.100   -0.300   -1.500      5290.542921
   2.100   -0.300   -0.900       415.625698
   2.100   -0.300   -0.300       125.496700
   2.100   -0.300    0.300       330.757083
   2.100   -0.300    0.900      2733.781527
   2.100   -0.300    1.500     19654.635149
   2.100   -0.300    2.100     83428.164453
   2.100    0.300   -2.100     25759.683002
   2.100    0.300   -1.500      1502.757737
   2.100    0.300   -0.900       134.464080
   2.100    0.300   -0.300        21.631683
   2.100    0.300    0.300        66.407807
   2.100    0.300    0.900       434.182176
   2.100    0.300    1.500      1892.445451
   2.100    0.300    2.100      4552.055908
   2.100    0.900   -2.100      9640.899274
   2.100    0.900   -1.500       578.865703
   2.100    0.900   -0.900        49.608965
   2.100    0.900   -0.300         4.005754
   2.100    0.900    0.300         7.326009
   2.100    0.900    0.900        46.895707
   2.100    0.900    1.500       153.017402
   2.100    0.900    2.100       300.817618
   2.100    1.500   -2.100      1508.970066
   2.100    1.500   -1.500       161.282930
   2.100    1.500   -0.900        25.749538
   2.100    1.500   -0.300         9.222621
   2.100    1.500    0.300         2.999357
   2.100    1.500    0.900         2.807842
   2.100    1.500    1.500        12.800972
   2.100    1.500    2.100        36.121712
   2.100    2.100   -2.100       178.229799
   2.100    2.100   -1.500        56.543121
   2.100    2.100   -0.900        50.922244
   2.100    2.100   -0.300        44.404375
   2.100    2.100    0.300        21.847083
   2.100    2.100    0.900         5.946840
   2.100    2.100    1.500         5.618236
   2.100    2.100    2.100        23.203965
