                          atom          map        max_1       max_10      max_100        had_1       had_10      had_100
comp PPI-M_0_0      -14.290895     7.442000    -1.032410    -6.631722     4.221567    -1.032400    -6.631700     4.221600
comp PPI-M_0_1        6.433879    44.673000    -0.172783     4.825007    21.527921    -0.172780     4.825000    21.528000
comp PPI-M_1_0      528.894908           NA     1.578195    22.847545   246.288780     1.578200    22.848000   246.290000
comp PPI-M_1_1              NA           NA     2.508983    27.983329   324.253238     2.509000    27.983000   324.250000
comp PPI-id_0_0      30.190732    97.993000     0.551367    12.651690    88.266577     0.551370    12.652000    88.267000
comp PPI-id_0_1      87.666604   211.126000     0.446081    15.671954   115.006422     0.446080    15.672000   115.010000
comp PPI-id_1_0     822.536479           NA     0.712063    15.830239   177.695618     0.712060    15.830000   177.700000
comp PPI-id_1_1             NA           NA     3.388478    31.271716   255.931079     3.388500    31.272000   255.930000
comp But1_0_0               NA           NA     3.135305    37.364130   320.323414     3.135300    37.364000   320.320000
comp But1_0_1               NA           NA     3.372378    35.419621   347.798190     3.372400    35.420000   347.800000
comp But1_1_0               NA           NA     4.406520    48.489752   229.202265     4.406500    48.490000   229.200000
comp But1_1_1               NA           NA     4.998445    54.295896   366.394753     4.998400    54.296000   366.390000
comp But2_0_0               NA           NA     2.708643    38.015530   337.380122     2.708600    38.016000   337.380000
comp But2_0_1               NA           NA     4.368370    48.289802   398.756966     4.368400    48.290000   398.760000
comp But2_1_0               NA           NA     0.577623    22.553588   286.071225     0.577620    22.554000   286.070000
comp But2_1_1               NA           NA     1.544794    30.274122   334.283982     1.544800    30.274000   334.280000
apo  PPI-M_0_0              NA           NA     5.380462    50.127827   407.834393     5.380500    50.128000   407.830000
apo  PPI-M_0_1              NA           NA     4.684621    42.909973   346.452926     4.684600    42.910000   346.450000
apo  PPI-M_1_0              NA           NA     4.787838    49.235215   497.164156     4.787800    49.235000   497.160000
apo  PPI-M_1_1              NA           NA     4.795856    49.260504   497.087234     4.795900    49.261000   497.090000
apo  PPI-id_0_0             NA           NA     5.008722    48.560372   405.576587     5.008700    48.560000   405.580000
apo  PPI-id_0_1             NA           NA     3.732722    45.211805   398.938873     3.732700    45.212000   398.940000
apo  PPI-id_1_0             NA           NA     5.671603    52.698869   434.768074     5.671600    52.699000   434.770000
apo  PPI-id_1_1             NA           NA     5.482760    50.883320   462.087219     5.482800    50.883000   462.090000
apo  But1_0_0               NA           NA     6.169889    60.147325   599.914676     6.169900    60.147000   599.910000
apo  But1_0_1               NA           NA     4.987529    56.191165   595.797526     4.987500    56.191000   595.800000
apo  But1_1_0               NA           NA     5.239257    59.074573   525.776243     5.239300    59.075000   525.780000
apo  But1_1_1               NA           NA     5.000378    56.948225   592.290235     5.000400    56.948000   592.290000
apo  But2_0_0               NA           NA     4.184585    49.434712   451.785706     4.184600    49.435000   451.790000
apo  But2_0_1               NA           NA     5.572196    54.241543   503.083438     5.572200    54.242000   503.080000
apo  But2_1_0               NA           NA     5.903263    58.040083   485.200256     5.903300    58.040000   485.200000
apo  But2_1_1               NA           NA     6.354763    58.494107   490.729982     6.354800    58.494000   490.730000
