  -2.100   -2.100   -2.100       0.000000
  -2.100   -2.100   -1.500       0.000000
  -2.100   -2.100   -0.900       0.859880
  -2.100   -2.100   -0.300       0.069720
  -2.100   -2.100    0.300       0.000000
  -2.100   -2.100    0.900       0.000000
  -2.100   -2.100    1.500       0.000000
  -2.100   -2.100    2.100       0.000000
  -2.100   -1.500   -2.100       0.000000
  -2.100   -1.500   -1.500       0.000000
  -2.100   -1.500   -0.900       0.035828
  -2.100   -1.500   -0.300       0.002905
  -2.100   -1.500    0.300       0.000000
  -2.100   -1.500    0.900       0.000000
  -2.100   -1.500    1.500       0.000000
  -2.100   -1.500    2.100       0.000000
  -2.100   -0.900   -2.100       0.000000
  -2.100   -0.900   -1.500       0.000000
  -2.100   -0.900   -0.900       0.004892
  -2.100   -0.900   -0.300       0.096322
  -2.100   -0.900    0.300       0.000000
  -2.100   -0.900    0.900       0.000000
  -2.100   -0.900    1.500       0.000000
  -2.100   -0.900    2.100       0.000000
  -2.100   -0.300   -2.100       0.000000
  -2.100   -0.300   -1.500       0.000000
  -2.100   -0.300   -0.900       0.001794
  -2.100   -0.300   -0.300       0.035325
  -2.100   -0.300    0.300       0.000000
  -2.100   -0.300    0.900       0.000000
  -2.100   -0.300    1.500       0.000000
  -2.100   -0.300    2.100       0.000000
  -2.100    0.300   -2.100       0.000000
  -2.100    0.300   -1.500       0.000000
  -2.100    0.300   -0.900       0.000000
  -2.100    0.300   -0.300       0.000000
  -2.100    0.300    0.300       0.000000
  -2.100    0.300    0.900       0.000000
  -2.100    0.300    1.500       0.000000
  -2.100    0.300    2.100       0.000000
  -2.100    0.900   -2.100       0.000000
  -2.100    0.900   -1.500       0.000000
  -2.100    0.900   -0.900       0.000000
  -2.100    0.900   -0.300       0.000000
  -2.100    0.900    0.300       0.000000
  -2.100    0.900    0.900       0.000000
  -2.100    0.900    1.500       0.000000
  -2.100    0.900    2.100       0.000000
  -2.100    1.500   -2.100       0.000000
  -2.100    1.500   -1.500       0.000000
  -2.100    1.500   -0.900       0.000000
  -2.100    1.500   -0.300       0.000000
  -2.100    1.500    0.300       0.000000
  -2.100    1.500    0.900       0.000000
  -2.100    1.500    1.500       0.000000
  -2.100    1.500    2.100       0.000000
  -2.100    2.100   -2.100       0.000000
  -2.100    2.100   -1.500       0.000000
  -2.100    2.100   -0.900       0.000000
  -2.100    2.100   -0.300       0.000000
  -2.100    2.100    0.300       0.000000
  -2.100    2.100    0.900       0.000000
  -2.100    2.100    1.500       0.000000
  -2.100    2.100    2.100       0.000000
  -1.500   -2.100   -2.100       0.000000
  -1.500   -2.100   -1.500       0.000000
  -1.500   -2.100   -0.900       0.028120
  -1.500   -2.100   -0.300       0.002280
  -1.500   -2.100    0.300       0.000000
  -1.500   -2.100    0.900       0.000000
  -1.500   -2.100    1.500       0.000000
  -1.500   -2.100    2.100       0.000000
  -1.500   -1.500   -2.100       0.000000
  -1.500   -1.500   -1.500       0.000000
  -1.500   -1.500   -0.900       0.001172
  -1.500   -1.500   -0.300       0.000095
  -1.500   -1.500    0.300       0.000000
  -1.500   -1.500    0.900       0.000000
  -1.500   -1.500    1.500       0.000000
  -1.500   -1.500    2.100       0.000000
  -1.500   -0.900   -2.100       0.000000
  -1.500   -0.900   -1.500       0.000000
  -1.500   -0.900   -0.900       0.030472
  -1.500   -0.900   -0.300       0.599981
  -1.500   -0.900    0.300       0.000000
  -1.500   -0.900    0.900       0.000000
  -1.500   -0.900    1.500       0.000000
  -1.500   -0.900    2.100       0.000000
  -1.500   -0.300   -2.100       0.000000
  -1.500   -0.300   -1.500       0.000000
  -1.500   -0.300   -0.900       0.011175
  -1.500   -0.300   -0.300       0.220039
  -1.500   -0.300    0.300       0.000000
  -1.500   -0.300    0.900       0.000000
  -1.500   -0.300    1.500       0.000000
  -1.500   -0.300    2.100       0.000000
  -1.500    0.300   -2.100       0.000000
  -1.500    0.300   -1.500       0.000000
  -1.500    0.300   -0.900       0.000000
  -1.500    0.300   -0.300       0.000000
  -1.500    0.300    0.300       0.000000
  -1.500    0.300    0.900       0.000000
  -1.500    0.300    1.500       0.000000
  -1.500    0.300    2.100       0.000000
  -1.500    0.900   -2.100       0.000000
  -1.500    0.900   -1.500       0.000000
  -1.500    0.900   -0.900       0.000000
  -1.500    0.900   -0.300       0.000000
  -1.500    0.900    0.300       0.000000
  -1.500    0.900    0.900       0.000000
  -1.500    0.900    1.500       0.000000
  -1.500    0.900    2.100       0.000000
  -1.500    1.500   -2.100       0.000000
  -1.500    1.500   -1.500       0.000000
  -1.500    1.500   -0.900       0.000000
  -1.500    1.500   -0.300       0.000000
  -1.500    1.500    0.300       0.000000
  -1.500    1.500    0.900       0.000000
  -1.500    1.500    1.500       0.000000
  -1.500    1.500    2.100       0.000000
  -1.500    2.100   -2.100       0.000000
  -1.500    2.100   -1.500       0.000000
  -1.500    2.100   -0.900       0.000000
  -1.500    2.100   -0.300       0.000000
  -1.500    2.100    0.300       0.000000
  -1.500    2.100    0.900       0.000000
  -1.500    2.100    1.500       0.000000
  -1.500    2.100    2.100       0.000000
  -0.900   -2.100   -2.100       0.000000
  -0.900   -2.100   -1.500       0.000000
  -0.900   -2.100   -0.900       0.000000
  -0.900   -2.100   -0.300       0.000000
  -0.900   -2.100    0.300       0.000000
  -0.900   -2.100    0.900       0.000000
  -0.900   -2.100    1.500       0.000000
  -0.900   -2.100    2.100       0.000000
  -0.900   -1.500   -2.100       0.000000
  -0.900   -1.500   -1.500       0.000000
  -0.900   -1.500   -0.900       0.000000
  -0.900   -1.500   -0.300       0.000000
  -0.900   -1.500    0.300       0.000000
  -0.900   -1.500    0.900       0.000000
  -0.900   -1.500    1.500       0.000000
  -0.900   -1.500    2.100       0.000000
  -0.900   -0.900   -2.100       0.000000
  -0.900   -0.900   -1.500       0.000000
  -0.900   -0.900   -0.900       0.000000
  -0.900   -0.900   -0.300       0.000000
  -0.900   -0.900    0.300       0.000000
  -0.900   -0.900    0.900       0.000000
  -0.900   -0.900    1.500       0.000000
  -0.900   -0.900    2.100       0.000000
  -0.900   -0.300   -2.100       0.000000
  -0.900   -0.300   -1.500       0.000000
  -0.900   -0.300   -0.900       0.000000
  -0.900   -0.300   -0.300       0.000000
  -0.900   -0.300    0.300       0.000000
  -0.900   -0.300    0.900       0.000000
  -0.900   -0.300    1.500       0.000000
  -0.900   -0.300    2.100       0.000000
  -0.900    0.300   -2.100       0.000000
  -0.900    0.300   -1.500       0.000000
  -0.900    0.300   -0.900       0.000000
  -0.900    0.300   -0.300       0.000000
  -0.900    0.300    0.300       0.000000
  -0.900    0.300    0.900       0.000000
  -0.900    0.300    1.500       0.000000
  -0.900    0.300    2.100       0.000000
  -0.900    0.900   -2.100       0.000000
  -0.900    0.900   -1.500       0.000000
  -0.900    0.900   -0.900       0.000000
  -0.900    0.900   -0.300       0.000000
  -0.900    0.900    0.300       0.000000
  -0.900    0.900    0.900       0.000000
  -0.900    0.900    1.500       0.000000
  -0.900    0.900    2.100       0.000000
  -0.900    1.500   -2.100       0.000000
  -0.900    1.500   -1.500       0.000000
  -0.900    1.500   -0.900       0.000000
  -0.900    1.500   -0.300       0.000000
  -0.900    1.500    0.300       0.000000
  -0.900    1.500    0.900       0.000000
  -0.900    1.500    1.500       0.000000
  -0.900    1.500    2.100       0.000000
  -0.900    2.100   -2.100       0.000000
  -0.900    2.100   -1.500       0.000000
  -0.900    2.100   -0.900       0.000000
  -0.900    2.100   -0.300       0.000000
  -0.900    2.100    0.300       0.000000
  -0.900    2.100    0.900       0.000000
  -0.900    2.100    1.500       0.000000
  -0.900    2.100    2.100       0.000000
  -0.300   -2.100   -2.100       0.000000
  -0.300   -2.100   -1.500       0.000000
  -0.300   -2.100   -0.900       0.000000
  -0.300   -2.100   -0.300       0.000000
  -0.300   -2.100    0.300       0.000000
  -0.300   -2.100    0.900       0.000000
  -0.300   -2.100    1.500       0.000000
  -0.300   -2.100    2.100       0.000000
  -0.300   -1.500   -2.100       0.000000
  -0.300   -1.500   -1.500       0.000000
  -0.300   -1.500   -0.900       0.000000
  -0.300   -1.500   -0.300       0.000000
  -0.300   -1.500    0.300       0.000000
  -0.300   -1.500    0.900       0.000000
  -0.300   -1.500    1.500       0.000000
  -0.300   -1.500    2.100       0.000000
  -0.300   -0.900   -2.100       0.000000
  -0.300   -0.900   -1.500       0.000000
  -0.300   -0.900   -0.900       0.000000
  -0.300   -0.900   -0.300       0.000000
  -0.300   -0.900    0.300       0.763111
  -0.300   -0.900    0.900       0.058912
  -0.300   -0.900    1.500       0.000000
  -0.300   -0.900    2.100       0.000000
  -0.300   -0.300   -2.100       0.000000
  -0.300   -0.300   -1.500       0.000000
  -0.300   -0.300   -0.900       0.000000
  -0.300   -0.300   -0.300       0.000000
  -0.300   -0.300    0.300       0.042992
  -0.300   -0.300    0.900       0.003319
  -0.300   -0.300    1.500       0.000000
  -0.300   -0.300    2.100       0.000000
  -0.300    0.300   -2.100       0.000000
  -0.300    0.300   -1.500       0.000000
  -0.300    0.300   -0.900       0.000000
  -0.300    0.300   -0.300       0.000000
  -0.300    0.300    0.300       0.000000
  -0.300    0.300    0.900       0.000000
  -0.300    0.300    1.500       0.000000
  -0.300    0.300    2.100       0.000000
  -0.300    0.900   -2.100       0.000000
  -0.300    0.900   -1.500       0.000000
  -0.300    0.900   -0.900       0.000000
  -0.300    0.900   -0.300       0.000000
  -0.300    0.900    0.300       0.000000
  -0.300    0.900    0.900       0.000000
  -0.300    0.900    1.500       0.000000
  -0.300    0.900    2.100       0.000000
  -0.300    1.500   -2.100       0.000000
  -0.300    1.500   -1.500       0.000000
  -0.300    1.500   -0.900       0.000000
  -0.300    1.500   -0.300       0.000000
  -0.300    1.500    0.300       0.000000
  -0.300    1.500    0.900       0.000000
  -0.300    1.500    1.500       0.000000
  -0.300    1.500    2.100       0.000000
  -0.300    2.100   -2.100       0.000000
  -0.300    2.100   -1.500       0.000000
  -0.300    2.100   -0.900       0.000000
  -0.300    2.100   -0.300       0.000000
  -0.300    2.100    0.300       0.000000
  -0.300    2.100    0.900       0.000000
  -0.300    2.100    1.500       0.000000
  -0.300    2.100    2.100       0.000000
   0.300   -2.100   -2.100       0.000000
   0.300   -2.100   -1.500       0.000000
   0.300   -2.100   -0.900       0.000000
   0.300   -2.100   -0.300       0.000000
   0.300   -2.100    0.300       0.000000
   0.300   -2.100    0.900       0.000000
   0.300   -2.100    1.500       0.000000
   0.300   -2.100    2.100       0.000000
   0.300   -1.500   -2.100       0.000000
   0.300   -1.500   -1.500       0.000000
   0.300   -1.500   -0.900       0.000000
   0.300   -1.500   -0.300       0.000000
   0.300   -1.500    0.300       0.000000
   0.300   -1.500    0.900       0.000000
   0.300   -1.500    1.500       0.000000
   0.300   -1.500    2.100       0.000000
   0.300   -0.900   -2.100       0.000000
   0.300   -0.900   -1.500       0.000000
   0.300   -0.900   -0.900       0.000000
   0.300   -0.900   -0.300       0.000000
   0.300   -0.900    0.300       0.115712
   0.300   -0.900    0.900       0.008933
   0.300   -0.900    1.500       0.000000
   0.300   -0.900    2.100       0.000000
   0.300   -0.300   -2.100       0.000000
   0.300   -0.300   -1.500       0.000000
   0.300   -0.300   -0.900       0.000000
   0.300   -0.300   -0.300       0.000000
   0.300   -0.300    0.300       0.006519
   0.300   -0.300    0.900       0.000503
   0.300   -0.300    1.500       0.000000
   0.300   -0.300    2.100       0.000000
   0.300    0.300   -2.100       0.000000
   0.300    0.300   -1.500       0.000000
   0.300    0.300   -0.900       0.000000
   0.300    0.300   -0.300       0.000000
   0.300    0.300    0.300       0.000000
   0.300    0.300    0.900       0.701606
   0.300    0.300    1.500       0.001171
   0.300    0.300    2.100       0.000000
   0.300    0.900   -2.100       0.000000
   0.300    0.900   -1.500       0.000000
   0.300    0.900   -0.900       0.000000
   0.300    0.900   -0.300       0.000000
   0.300    0.900    0.300       0.000000
   0.300    0.900    0.900       0.213532
   0.300    0.900    1.500       0.000356
   0.300    0.900    2.100       0.000000
   0.300    1.500   -2.100       0.000000
   0.300    1.500   -1.500       0.000000
   0.300    1.500   -0.900       0.000000
   0.300    1.500   -0.300       0.000000
   0.300    1.500    0.300       0.000000
   0.300    1.500    0.900       0.000000
   0.300    1.500    1.500       0.000000
   0.300    1.500    2.100       0.000000
   0.300    2.100   -2.100       0.000000
   0.300    2.100   -1.500       0.000000
   0.300    2.100   -0.900       0.000000
   0.300    2.100   -0.300       0.000000
   0.300    2.100    0.300       0.000000
   0.300    2.100    0.900       0.000000
   0.300    2.100    1.500       0.000000
   0.300    2.100    2.100       0.000000
   0.900   -2.100   -2.100       0.000000
   0.900   -2.100   -1.500       0.000000
   0.900   -2.100   -0.900       0.000000
   0.900   -2.100   -0.300       0.000000
   0.900   -2.100    0.300       0.000000
   0.900   -2.100    0.900       0.000000
   0.900   -2.100    1.500       0.000000
   0.900   -2.100    2.100       0.000000
   0.900   -1.500   -2.100       0.000000
   0.900   -1.500   -1.500       0.000000
   0.900   -1.500   -0.900       0.000000
   0.900   -1.500   -0.300       0.000000
   0.900   -1.500    0.300       0.000000
   0.900   -1.500    0.900       0.000000
   0.900   -1.500    1.500       0.000000
   0.900   -1.500    2.100       0.000000
   0.900   -0.900   -2.100       0.000000
   0.900   -0.900   -1.500       0.000000
   0.900   -0.900   -0.900       0.000000
   0.900   -0.900   -0.300       0.000000
   0.900   -0.900    0.300       0.000000
   0.900   -0.900    0.900       0.000000
   0.900   -0.900    1.500       0.000000
   0.900   -0.900    2.100       0.000000
   0.900   -0.300   -2.100       0.000000
   0.900   -0.300   -1.500       0.000000
   0.900   -0.300   -0.900       0.000000
   0.900   -0.300   -0.300       0.000000
   0.900   -0.300    0.300       0.000000
   0.900   -0.300    0.900       0.000000
   0.900   -0.300    1.500       0.000000
   0.900   -0.300    2.100       0.000000
   0.900    0.300   -2.100       0.000000
   0.900    0.300   -1.500       0.000000
   0.900    0.300   -0.900       0.000000
   0.900    0.300   -0.300       0.000000
   0.900    0.300    0.300       0.000000
   0.900    0.300    0.900       0.063782
   0.900    0.300    1.500       0.000106
   0.900    0.300    2.100       0.000000
   0.900    0.900   -2.100       0.000000
   0.900    0.900   -1.500       0.000000
   0.900    0.900   -0.900       0.000000
   0.900    0.900   -0.300       0.000000
   0.900    0.900    0.300       0.000000
   0.900    0.900    0.900       0.019412
   0.900    0.900    1.500       0.000032
   0.900    0.900    2.100       0.000000
   0.900    1.500   -2.100       0.000000
   0.900    1.500   -1.500       0.000000
   0.900    1.500   -0.900       0.000000
   0.900    1.500   -0.300       0.000000
   0.900    1.500    0.300       0.000000
   0.900    1.500    0.900       0.000000
   0.900    1.500    1.500       0.000000
   0.900    1.500    2.100       0.000000
   0.900    2.100   -2.100       0.000000
   0.900    2.100   -1.500       0.000000
   0.900    2.100   -0.900       0.000000
   0.900    2.100   -0.300       0.000000
   0.900    2.100    0.300       0.000000
   0.900    2.100    0.900       0.000000
   0.900    2.100    1.500       0.000000
   0.900    2.100    2.100       0.000000
   1.500   -2.100   -2.100       0.000000
   1.500   -2.100   -1.500       0.000000
   1.500   -2.100   -0.900       0.000000
   1.500   -2.100   -0.300       0.000000
   1.500   -2.100    0.300       0.000000
   1.500   -2.100    0.900       0.000000
   1.500   -2.100    1.500       0.000000
   1.500   -2.100    2.100       0.000000
   1.500   -1.500   -2.100       0.000000
   1.500   -1.500   -1.500       0.000000
   1.500   -1.500   -0.900       0.000000
   1.500   -1.500   -0.300       0.000000
   1.500   -1.500    0.300       0.000000
   1.500   -1.500    0.900       0.000000
   1.500   -1.500    1.500       0.000000
   1.500   -1.500    2.100       0.000000
   1.500   -0.900   -2.100       0.000000
   1.500   -0.900   -1.500       0.000000
   1.500   -0.900   -0.900       0.000000
   1.500   -0.900   -0.300       0.000000
   1.500   -0.900    0.300       0.000000
   1.500   -0.900    0.900       0.000000
   1.500   -0.900    1.500       0.000000
   1.500   -0.900    2.100       0.000000
   1.500   -0.300   -2.100       0.000000
   1.500   -0.300   -1.500       0.000000
   1.500   -0.300   -0.900       0.000000
   1.500   -0.300   -0.300       0.000000
   1.500   -0.300    0.300       0.000000
   1.500   -0.300    0.900       0.000000
   1.500   -0.300    1.500       0.000000
   1.500   -0.300    2.100       0.000000
   1.500    0.300   -2.100       0.000000
   1.500    0.300   -1.500       0.000000
   1.500    0.300   -0.900       0.000000
   1.500    0.300   -0.300       0.000000
   1.500    0.300    0.300       0.000000
   1.500    0.300    0.900       0.000000
   1.500    0.300    1.500       0.000000
   1.500    0.300    2.100       0.000000
   1.500    0.900   -2.100       0.000000
   1.500    0.900   -1.500       0.000000
   1.500    0.900   -0.900       0.000000
   1.500    0.900   -0.300       0.000000
   1.500    0.900    0.300       0.000000
   1.500    0.900    0.900       0.000000
   1.500    0.900    1.500       0.000000
   1.500    0.900    2.100       0.000000
   1.500    1.500   -2.100       0.000000
   1.500    1.500   -1.500       0.000000
   1.500    1.500   -0.900       0.000000
   1.500    1.500   -0.300       0.000000
   1.500    1.500    0.300       0.000000
   1.500    1.500    0.900       0.000000
   1.500    1.500    1.500       0.000000
   1.500    1.500    2.100       0.000000
   1.500    2.100   -2.100       0.000000
   1.500    2.100   -1.500       0.000000
   1.500    2.100   -0.900       0.000000
   1.500    2.100   -0.300       0.000000
   1.500    2.100    0.300       0.000000
   1.500    2.100    0.900       0.000000
   1.500    2.100    1.500       0.000000
   1.500    2.100    2.100       0.000000
   2.100   -2.100   -2.100       0.000000
   2.100   -2.100   -1.500       0.000000
   2.100   -2.100   -0.900       0.000000
   2.100   -2.100   -0.300       0.000000
   2.100   -2.100    0.300       0.000000
   2.100   -2.100    0.900       0.000000
   2.100   -2.100    1.500       0.000000
   2.100   -2.100    2.100       0.000000
   2.100   -1.500   -2.100       0.000000
   2.100   -1.500   -1.500       0.000000
   2.100   -1.500   -0.900       0.000000
   2.100   -1.500   -0.300       0.000000
   2.100   -1.500    0.300       0.000000
   2.100   -1.500    0.900       0.000000
   2.100   -1.500    1.500       0.000000
   2.100   -1.500    2.100       0.000000
   2.100   -0.900   -2.100       0.000000
   2.100   -0.900   -1.500       0.000000
   2.100   -0.900   -0.900       0.000000
   2.100   -0.900   -0.300       0.000000
   2.100   -0.900    0.300       0.000000
   2.100   -0.900    0.900       0.000000
   2.100   -0.900    1.500       0.000000
   2.100   -0.900    2.100       0.000000
   2.100   -0.300   -2.100       0.000000
   2.100   -0.300   -1.500       0.000000
   2.100   -0.300   -0.900       0.000000
   2.100   -0.300   -0.300       0.000000
   2.100   -0.300    0.300       0.000000
   2.100   -0.300    0.900       0.000000
   2.100   -0.300    1.500       0.000000
   2.100   -0.300    2.100       0.000000
   2.100    0.300   -2.100       0.000000
   2.100    0.300   -1.500       0.000000
   2.100    0.300   -0.900       0.000000
   2.100    0.300   -0.300       0.000000
   2.100    0.300    0.300       0.000000
   2.100    0.300    0.900       0.000000
   2.100    0.300    1.500       0.000000
   2.100    0.300    2.100       0.000000
   2.100    0.900   -2.100       0.000000
   2.100    0.900   -1.500       0.000000
   2.100    0.900   -0.900       0.000000
   2.100    0.900   -0.300       0.000000
   2.100    0.900    0.300       0.000000
   2.100    0.900    0.900       0.000000
   2.100    0.900    1.500       0.000000
   2.100    0.900    2.100       0.000000
   2.100    1.500   -2.100       0.000000
   2.100    1.500   -1.500       0.000000
   2.100    1.500   -0.900       0.000000
   2.100    1.500   -0.300       0.000000
   2.100    1.500    0.300       0.000000
   2.100    1.500    0.900       0.000000
   2.100    1.500    1.500       0.000000
   2.100    1.500    2.100       0.000000
   2.100    2.100   -2.100       0.000000
   2.100    2.100   -1.500       0.000000
   2.100    2.100   -0.900       0.000000
   2.100    2.100   -0.300       0.000000
   2.100    2.100    0.300       0.000000
   2.100    2.100    0.900       0.000000
   2.100    2.100    1.500       0.000000
   2.100    2.100    2.100       0.000000
