-2.1 -2.1 -2.1  0.000000000000
-2.1 -2.1 -1.5  0.000000000000
-2.1 -2.1 -0.9  0.000000000000
-2.1 -2.1 -0.3  0.000000000000
-2.1 -2.1  0.3  0.000000000000
-2.1 -2.1  0.9  0.000000000000
-2.1 -2.1  1.5  0.000000000000
-2.1 -2.1  2.1  0.000000000000
-2.1 -1.5 -2.1  0.000000000000
-2.1 -1.5 -1.5  0.000000000000
-2.1 -1.5 -0.9  0.000000000000
-2.1 -1.5 -0.3  0.000000000000
-2.1 -1.5  0.3  0.000000000000
-2.1 -1.5  0.9  0.000000000000
-2.1 -1.5  1.5  0.000000000000
-2.1 -1.5  2.1  0.000000000000
-2.1 -0.9 -2.1  0.000000000000
-2.1 -0.9 -1.5  0.000000000000
-2.1 -0.9 -0.9  0.000000000000
-2.1 -0.9 -0.3  0.000000000000
-2.1 -0.9  0.3  0.000000000000
-2.1 -0.9  0.9  0.000000000000
-2.1 -0.9  1.5  0.000000000000
-2.1 -0.9  2.1  0.000000000000
-2.1 -0.3 -2.1  0.000000000000
-2.1 -0.3 -1.5  0.000000000000
-2.1 -0.3 -0.9  0.000000000000
-2.1 -0.3 -0.3  0.000000000000
-2.1 -0.3  0.3  0.000000000000
-2.1 -0.3  0.9  0.000000000000
-2.1 -0.3  1.5  0.000000000000
-2.1 -0.3  2.1  0.000000000000
-2.1  0.3 -2.1  0.000000000000
-2.1  0.3 -1.5  0.000000000000
-2.1  0.3 -0.9  0.000000000000
-2.1  0.3 -0.3  0.000000000000
-2.1  0.3  0.3  0.000000000000
-2.1  0.3  0.9  0.000000000000
-2.1  0.3  1.5  0.000000000000
-2.1  0.3  2.1  0.000000000000
-2.1  0.9 -2.1  0.000000000000
-2.1  0.9 -1.5  0.000000000000
-2.1  0.9 -0.9  0.000000000000
-2.1  0.9 -0.3  0.000000000000
-2.1  0.9  0.3  0.000000000000
-2.1  0.9  0.9  0.000000000000
-2.1  0.9  1.5  0.000000000000
-2.1  0.9  2.1  0.000000000000
-2.1  1.5 -2.1  0.000000000000
-2.1  1.5 -1.5  0.000000000000
-2.1  1.5 -0.9  0.000000000000
-2.1  1.5 -0.3  0.000000000000
-2.1  1.5  0.3  0.000000000000
-2.1  1.5  0.9  0.000000000000
-2.1  1.5  1.5  0.000000000000
-2.1  1.5  2.1  0.000000000000
-2.1  2.1 -2.1  0.000000000000
-2.1  2.1 -1.5  0.000000000000
-2.1  2.1 -0.9  0.000000000000
-2.1  2.1 -0.3  0.000000000000
-2.1  2.1  0.3  0.000000000000
-2.1  2.1  0.9  0.000000000000
-2.1  2.1  1.5  0.000000000000
-2.1  2.1  2.1  0.000000000000
-1.5 -2.1 -2.1  0.000000000000
-1.5 -2.1 -1.5  0.000000000000
-1.5 -2.1 -0.9  0.000000000000
-1.5 -2.1 -0.3  0.000000000000
-1.5 -2.1  0.3  0.000000000000
-1.5 -2.1  0.9  0.000000000000
-1.5 -2.1  1.5  0.000000000000
-1.5 -2.1  2.1  0.000000000000
-1.5 -1.5 -2.1  0.000000000000
-1.5 -1.5 -1.5  0.000000000000
-1.5 -1.5 -0.9  0.000000000000
-1.5 -1.5 -0.3  0.000000000000
-1.5 -1.5  0.3  0.000000000000
-1.5 -1.5  0.9  0.000000000000
-1.5 -1.5  1.5  0.000000000000
-1.5 -1.5  2.1  0.000000000000
-1.5 -0.9 -2.1  0.000000000000
-1.5 -0.9 -1.5  0.000000000000
-1.5 -0.9 -0.9  0.000000000000
-1.5 -0.9 -0.3  0.000000000000
-1.5 -0.9  0.3  0.000000000000
-1.5 -0.9  0.9  0.000000000000
-1.5 -0.9  1.5  0.000000000000
-1.5 -0.9  2.1  0.000000000000
-1.5 -0.3 -2.1  0.000000000000
-1.5 -0.3 -1.5  0.000000000000
-1.5 -0.3 -0.9  0.000000000000
-1.5 -0.3 -0.3  0.000000000000
-1.5 -0.3  0.3  0.000000000000
-1.5 -0.3  0.9  0.000000000000
-1.5 -0.3  1.5  0.000000000000
-1.5 -0.3  2.1  0.000000000000
-1.5  0.3 -2.1  0.000000000000
-1.5  0.3 -1.5  0.000000000000
-1.5  0.3 -0.9  0.000000000000
-1.5  0.3 -0.3  0.000000000000
-1.5  0.3  0.3  0.000000000000
-1.5  0.3  0.9 -0.044631000000
-1.5  0.3  1.5 -0.004959000000
-1.5  0.3  2.1  0.000000000000
-1.5  0.9 -2.1  0.000000000000
-1.5  0.9 -1.5  0.000000000000
-1.5  0.9 -0.9  0.000000000000
-1.5  0.9 -0.3  0.000000000000
-1.5  0.9  0.3  0.000000000000
-1.5  0.9  0.9 -0.490941000000
-1.5  0.9  1.5 -0.054549000000
-1.5  0.9  2.1  0.000000000000
-1.5  1.5 -2.1  0.000000000000
-1.5  1.5 -1.5  0.000000000000
-1.5  1.5 -0.9  0.000000000000
-1.5  1.5 -0.3  0.000000000000
-1.5  1.5  0.3  0.000000000000
-1.5  1.5  0.9  0.000000000000
-1.5  1.5  1.5  0.000000000000
-1.5  1.5  2.1  0.000000000000
-1.5  2.1 -2.1  0.000000000000
-1.5  2.1 -1.5  0.000000000000
-1.5  2.1 -0.9  0.000000000000
-1.5  2.1 -0.3  0.000000000000
-1.5  2.1  0.3  0.000000000000
-1.5  2.1  0.9  0.000000000000
-1.5  2.1  1.5  0.000000000000
-1.5  2.1  2.1  0.000000000000
-0.9 -2.1 -2.1  0.000000000000
-0.9 -2.1 -1.5  0.000000000000
-0.9 -2.1 -0.9  0.000000000000
-0.9 -2.1 -0.3  0.000000000000
-0.9 -2.1  0.3  0.000000000000
-0.9 -2.1  0.9  0.000000000000
-0.9 -2.1  1.5  0.000000000000
-0.9 -2.1  2.1  0.000000000000
-0.9 -1.5 -2.1  0.000000000000
-0.9 -1.5 -1.5  0.000000000000
-0.9 -1.5 -0.9  0.000000000000
-0.9 -1.5 -0.3  0.000000000000
-0.9 -1.5  0.3  0.000000000000
-0.9 -1.5  0.9 -0.027090000000
-0.9 -1.5  1.5 -0.297990000000
-0.9 -1.5  2.1  0.000000000000
-0.9 -0.9 -2.1  0.000000000000
-0.9 -0.9 -1.5  0.000000000000
-0.9 -0.9 -0.9  0.000000000000
-0.9 -0.9 -0.3  0.000000000000
-0.9 -0.9  0.3  0.000000000000
-0.9 -0.9  0.9 -0.020160000000
-0.9 -0.9  1.5 -0.221760000000
-0.9 -0.9  2.1  0.000000000000
-0.9 -0.3 -2.1  0.000000000000
-0.9 -0.3 -1.5  0.000000000000
-0.9 -0.3 -0.9  0.000000000000
-0.9 -0.3 -0.3  0.000000000000
-0.9 -0.3  0.3  0.061154000000
-0.9 -0.3  0.9  0.087398000000
-0.9 -0.3  1.5  0.000000000000
-0.9 -0.3  2.1  0.000000000000
-0.9  0.3 -2.1  0.000000000000
-0.9  0.3 -1.5  0.000000000000
-0.9  0.3 -0.9  0.000000000000
-0.9  0.3 -0.3  0.000000000000
-0.9  0.3  0.3  0.007174000000
-0.9  0.3  0.9  0.006284000000
-0.9  0.3  1.5 -0.000441000000
-0.9  0.3  2.1  0.000000000000
-0.9  0.9 -2.1  0.000000000000
-0.9  0.9 -1.5  0.000000000000
-0.9  0.9 -0.9  0.000000000000
-0.9  0.9 -0.3  0.000000000000
-0.9  0.9  0.3  0.000000000000
-0.9  0.9  0.9 -0.043659000000
-0.9  0.9  1.5 -0.004851000000
-0.9  0.9  2.1  0.000000000000
-0.9  1.5 -2.1  0.000000000000
-0.9  1.5 -1.5  0.000000000000
-0.9  1.5 -0.9  0.000000000000
-0.9  1.5 -0.3  0.000000000000
-0.9  1.5  0.3  0.000000000000
-0.9  1.5  0.9  0.000000000000
-0.9  1.5  1.5  0.000000000000
-0.9  1.5  2.1  0.000000000000
-0.9  2.1 -2.1  0.000000000000
-0.9  2.1 -1.5  0.000000000000
-0.9  2.1 -0.9  0.000000000000
-0.9  2.1 -0.3  0.000000000000
-0.9  2.1  0.3  0.000000000000
-0.9  2.1  0.9  0.000000000000
-0.9  2.1  1.5  0.000000000000
-0.9  2.1  2.1  0.000000000000
-0.3 -2.1 -2.1  0.000000000000
-0.3 -2.1 -1.5  0.000000000000
-0.3 -2.1 -0.9  0.000000000000
-0.3 -2.1 -0.3  0.000000000000
-0.3 -2.1  0.3  0.000000000000
-0.3 -2.1  0.9  0.000000000000
-0.3 -2.1  1.5  0.000000000000
-0.3 -2.1  2.1  0.000000000000
-0.3 -1.5 -2.1  0.000000000000
-0.3 -1.5 -1.5  0.000000000000
-0.3 -1.5 -0.9  0.000000000000
-0.3 -1.5 -0.3  0.000000000000
-0.3 -1.5  0.3  0.000000000000
-0.3 -1.5  0.9 -0.003870000000
-0.3 -1.5  1.5 -0.042570000000
-0.3 -1.5  2.1  0.000000000000
-0.3 -0.9 -2.1  0.000000000000
-0.3 -0.9 -1.5  0.000000000000
-0.3 -0.9 -0.9  0.008631000000
-0.3 -0.9 -0.3  0.003059000000
-0.3 -0.9  0.3  0.000000000000
-0.3 -0.9  0.9 -0.002880000000
-0.3 -0.9  1.5 -0.031680000000
-0.3 -0.9  2.1  0.000000000000
-0.3 -0.3 -2.1  0.000000000000
-0.3 -0.3 -1.5  0.000000000000
-0.3 -0.3 -0.9  0.059507000000
-0.3 -0.3 -0.3  0.021090000000
-0.3 -0.3  0.3  0.002218000000
-0.3 -0.3  0.9  0.003170000000
-0.3 -0.3  1.5  0.000000000000
-0.3 -0.3  2.1  0.000000000000
-0.3  0.3 -2.1  0.000000000000
-0.3  0.3 -1.5  0.000000000000
-0.3  0.3 -0.9  0.000000000000
-0.3  0.3 -0.3  0.000000000000
-0.3  0.3  0.3  0.000260000000
-0.3  0.3  0.9  0.000372000000
-0.3  0.3  1.5  0.000000000000
-0.3  0.3  2.1  0.000000000000
-0.3  0.9 -2.1  0.000000000000
-0.3  0.9 -1.5  0.000000000000
-0.3  0.9 -0.9  0.000000000000
-0.3  0.9 -0.3  0.000000000000
-0.3  0.9  0.3  0.000000000000
-0.3  0.9  0.9  0.000000000000
-0.3  0.9  1.5  0.000000000000
-0.3  0.9  2.1  0.000000000000
-0.3  1.5 -2.1  0.000000000000
-0.3  1.5 -1.5  0.000000000000
-0.3  1.5 -0.9  0.000000000000
-0.3  1.5 -0.3  0.000000000000
-0.3  1.5  0.3  0.000000000000
-0.3  1.5  0.9  0.000000000000
-0.3  1.5  1.5  0.000000000000
-0.3  1.5  2.1  0.000000000000
-0.3  2.1 -2.1  0.000000000000
-0.3  2.1 -1.5  0.000000000000
-0.3  2.1 -0.9  0.000000000000
-0.3  2.1 -0.3  0.000000000000
-0.3  2.1  0.3  0.000000000000
-0.3  2.1  0.9  0.000000000000
-0.3  2.1  1.5  0.000000000000
-0.3  2.1  2.1  0.000000000000
 0.3 -2.1 -2.1  0.000000000000
 0.3 -2.1 -1.5  0.000000000000
 0.3 -2.1 -0.9  0.000000000000
 0.3 -2.1 -0.3  0.000000000000
 0.3 -2.1  0.3  0.000000000000
 0.3 -2.1  0.9  0.000000000000
 0.3 -2.1  1.5  0.000000000000
 0.3 -2.1  2.1  0.000000000000
 0.3 -1.5 -2.1  0.000000000000
 0.3 -1.5 -1.5  0.000000000000
 0.3 -1.5 -0.9  0.001098000000
 0.3 -1.5 -0.3  0.000100000000
 0.3 -1.5  0.3  0.000000000000
 0.3 -1.5  0.9  0.000000000000
 0.3 -1.5  1.5  0.000000000000
 0.3 -1.5  2.1  0.000000000000
 0.3 -0.9 -2.1  0.000000000000
 0.3 -0.9 -1.5  0.000000000000
 0.3 -0.9 -0.9  0.001663000000
 0.3 -0.9 -0.3  0.000563000000
 0.3 -0.9  0.3  0.000000000000
 0.3 -0.9  0.9  0.000000000000
 0.3 -0.9  1.5  0.000000000000
 0.3 -0.9  2.1  0.000000000000
 0.3 -0.3 -2.1  0.000000000000
 0.3 -0.3 -1.5  0.000000000000
 0.3 -0.3 -0.9  0.010777000000
 0.3 -0.3 -0.3  0.003819000000
 0.3 -0.3  0.3  0.000000000000
 0.3 -0.3  0.9  0.000000000000
 0.3 -0.3  1.5  0.000000000000
 0.3 -0.3  2.1  0.000000000000
 0.3  0.3 -2.1  0.000000000000
 0.3  0.3 -1.5  0.000000000000
 0.3  0.3 -0.9  0.000000000000
 0.3  0.3 -0.3  0.000000000000
 0.3  0.3  0.3  0.000000000000
 0.3  0.3  0.9  0.000000000000
 0.3  0.3  1.5  0.000000000000
 0.3  0.3  2.1  0.000000000000
 0.3  0.9 -2.1  0.000000000000
 0.3  0.9 -1.5  0.000000000000
 0.3  0.9 -0.9  0.000000000000
 0.3  0.9 -0.3  0.000000000000
 0.3  0.9  0.3  0.000000000000
 0.3  0.9  0.9  0.000000000000
 0.3  0.9  1.5  0.000000000000
 0.3  0.9  2.1  0.000000000000
 0.3  1.5 -2.1  0.000000000000
 0.3  1.5 -1.5  0.000000000000
 0.3  1.5 -0.9  0.000000000000
 0.3  1.5 -0.3  0.000000000000
 0.3  1.5  0.3  0.000000000000
 0.3  1.5  0.9  0.000000000000
 0.3  1.5  1.5  0.000000000000
 0.3  1.5  2.1  0.000000000000
 0.3  2.1 -2.1  0.000000000000
 0.3  2.1 -1.5  0.000000000000
 0.3  2.1 -0.9  0.000000000000
 0.3  2.1 -0.3  0.000000000000
 0.3  2.1  0.3  0.000000000000
 0.3  2.1  0.9  0.000000000000
 0.3  2.1  1.5  0.000000000000
 0.3  2.1  2.1  0.000000000000
 0.9 -2.1 -2.1  0.000000000000
 0.9 -2.1 -1.5  0.000000000000
 0.9 -2.1 -0.9  0.000000000000
 0.9 -2.1 -0.3  0.000000000000
 0.9 -2.1  0.3  0.000000000000
 0.9 -2.1  0.9  0.000000000000
 0.9 -2.1  1.5  0.000000000000
 0.9 -2.1  2.1  0.000000000000
 0.9 -1.5 -2.1  0.000000000000
 0.9 -1.5 -1.5  0.000000000000
 0.9 -1.5 -0.9  0.012346000000
 0.9 -1.5 -0.3  0.001122000000
 0.9 -1.5  0.3  0.000000000000
 0.9 -1.5  0.9  0.000000000000
 0.9 -1.5  1.5  0.000000000000
 0.9 -1.5  2.1  0.000000000000
 0.9 -0.9 -2.1  0.000000000000
 0.9 -0.9 -1.5  0.000000000000
 0.9 -0.9 -0.9  0.001122000000
 0.9 -0.9 -0.3  0.000102000000
 0.9 -0.9  0.3  0.000000000000
 0.9 -0.9  0.9  0.000000000000
 0.9 -0.9  1.5  0.000000000000
 0.9 -0.9  2.1  0.000000000000
 0.9 -0.3 -2.1  0.000000000000
 0.9 -0.3 -1.5  0.000000000000
 0.9 -0.3 -0.9  0.000000000000
 0.9 -0.3 -0.3  0.000000000000
 0.9 -0.3  0.3  0.000000000000
 0.9 -0.3  0.9  0.000000000000
 0.9 -0.3  1.5  0.000000000000
 0.9 -0.3  2.1  0.000000000000
 0.9  0.3 -2.1  0.000000000000
 0.9  0.3 -1.5  0.000000000000
 0.9  0.3 -0.9  0.000000000000
 0.9  0.3 -0.3  0.000000000000
 0.9  0.3  0.3  0.000000000000
 0.9  0.3  0.9  0.000000000000
 0.9  0.3  1.5  0.000000000000
 0.9  0.3  2.1  0.000000000000
 0.9  0.9 -2.1  0.000000000000
 0.9  0.9 -1.5  0.000000000000
 0.9  0.9 -0.9  0.000000000000
 0.9  0.9 -0.3  0.000000000000
 0.9  0.9  0.3  0.000000000000
 0.9  0.9  0.9  0.000000000000
 0.9  0.9  1.5  0.000000000000
 0.9  0.9  2.1  0.000000000000
 0.9  1.5 -2.1  0.000000000000
 0.9  1.5 -1.5  0.000000000000
 0.9  1.5 -0.9  0.000000000000
 0.9  1.5 -0.3  0.000000000000
 0.9  1.5  0.3  0.000000000000
 0.9  1.5  0.9  0.000000000000
 0.9  1.5  1.5  0.000000000000
 0.9  1.5  2.1  0.000000000000
 0.9  2.1 -2.1  0.000000000000
 0.9  2.1 -1.5  0.000000000000
 0.9  2.1 -0.9  0.000000000000
 0.9  2.1 -0.3  0.000000000000
 0.9  2.1  0.3  0.000000000000
 0.9  2.1  0.9  0.000000000000
 0.9  2.1  1.5  0.000000000000
 0.9  2.1  2.1  0.000000000000
 1.5 -2.1 -2.1  0.000000000000
 1.5 -2.1 -1.5  0.000000000000
 1.5 -2.1 -0.9  0.000000000000
 1.5 -2.1 -0.3  0.000000000000
 1.5 -2.1  0.3  0.000000000000
 1.5 -2.1  0.9  0.000000000000
 1.5 -2.1  1.5  0.000000000000
 1.5 -2.1  2.1  0.000000000000
 1.5 -1.5 -2.1  0.000000000000
 1.5 -1.5 -1.5  0.000000000000
 1.5 -1.5 -0.9  0.000000000000
 1.5 -1.5 -0.3  0.000000000000
 1.5 -1.5  0.3  0.000000000000
 1.5 -1.5  0.9  0.000000000000
 1.5 -1.5  1.5  0.000000000000
 1.5 -1.5  2.1  0.000000000000
 1.5 -0.9 -2.1  0.000000000000
 1.5 -0.9 -1.5  0.000000000000
 1.5 -0.9 -0.9  0.000000000000
 1.5 -0.9 -0.3  0.000000000000
 1.5 -0.9  0.3  0.000000000000
 1.5 -0.9  0.9  0.000000000000
 1.5 -0.9  1.5  0.000000000000
 1.5 -0.9  2.1  0.000000000000
 1.5 -0.3 -2.1  0.000000000000
 1.5 -0.3 -1.5  0.000000000000
 1.5 -0.3 -0.9  0.000000000000
 1.5 -0.3 -0.3  0.000000000000
 1.5 -0.3  0.3  0.000000000000
 1.5 -0.3  0.9  0.000000000000
 1.5 -0.3  1.5  0.000000000000
 1.5 -0.3  2.1  0.000000000000
 1.5  0.3 -2.1  0.000000000000
 1.5  0.3 -1.5  0.000000000000
 1.5  0.3 -0.9  0.000000000000
 1.5  0.3 -0.3  0.000000000000
 1.5  0.3  0.3  0.000000000000
 1.5  0.3  0.9  0.000000000000
 1.5  0.3  1.5  0.000000000000
 1.5  0.3  2.1  0.000000000000
 1.5  0.9 -2.1  0.000000000000
 1.5  0.9 -1.5  0.000000000000
 1.5  0.9 -0.9  0.000000000000
 1.5  0.9 -0.3  0.000000000000
 1.5  0.9  0.3  0.000000000000
 1.5  0.9  0.9  0.000000000000
 1.5  0.9  1.5  0.000000000000
 1.5  0.9  2.1  0.000000000000
 1.5  1.5 -2.1  0.000000000000
 1.5  1.5 -1.5  0.000000000000
 1.5  1.5 -0.9  0.000000000000
 1.5  1.5 -0.3  0.000000000000
 1.5  1.5  0.3  0.000000000000
 1.5  1.5  0.9  0.000000000000
 1.5  1.5  1.5  0.000000000000
 1.5  1.5  2.1  0.000000000000
 1.5  2.1 -2.1  0.000000000000
 1.5  2.1 -1.5  0.000000000000
 1.5  2.1 -0.9  0.000000000000
 1.5  2.1 -0.3  0.000000000000
 1.5  2.1  0.3  0.000000000000
 1.5  2.1  0.9  0.000000000000
 1.5  2.1  1.5  0.000000000000
 1.5  2.1  2.1  0.000000000000
 2.1 -2.1 -2.1  0.000000000000
 2.1 -2.1 -1.5  0.000000000000
 2.1 -2.1 -0.9  0.000000000000
 2.1 -2.1 -0.3  0.000000000000
 2.1 -2.1  0.3  0.000000000000
 2.1 -2.1  0.9  0.000000000000
 2.1 -2.1  1.5  0.000000000000
 2.1 -2.1  2.1  0.000000000000
 2.1 -1.5 -2.1  0.000000000000
 2.1 -1.5 -1.5  0.000000000000
 2.1 -1.5 -0.9  0.000000000000
 2.1 -1.5 -0.3  0.000000000000
 2.1 -1.5  0.3  0.000000000000
 2.1 -1.5  0.9  0.000000000000
 2.1 -1.5  1.5  0.000000000000
 2.1 -1.5  2.1  0.000000000000
 2.1 -0.9 -2.1  0.000000000000
 2.1 -0.9 -1.5  0.000000000000
 2.1 -0.9 -0.9  0.000000000000
 2.1 -0.9 -0.3  0.000000000000
 2.1 -0.9  0.3  0.000000000000
 2.1 -0.9  0.9  0.000000000000
 2.1 -0.9  1.5  0.000000000000
 2.1 -0.9  2.1  0.000000000000
 2.1 -0.3 -2.1  0.000000000000
 2.1 -0.3 -1.5  0.000000000000
 2.1 -0.3 -0.9  0.000000000000
 2.1 -0.3 -0.3  0.000000000000
 2.1 -0.3  0.3  0.000000000000
 2.1 -0.3  0.9  0.000000000000
 2.1 -0.3  1.5  0.000000000000
 2.1 -0.3  2.1  0.000000000000
 2.1  0.3 -2.1  0.000000000000
 2.1  0.3 -1.5  0.000000000000
 2.1  0.3 -0.9  0.000000000000
 2.1  0.3 -0.3  0.000000000000
 2.1  0.3  0.3  0.000000000000
 2.1  0.3  0.9  0.000000000000
 2.1  0.3  1.5  0.000000000000
 2.1  0.3  2.1  0.000000000000
 2.1  0.9 -2.1  0.000000000000
 2.1  0.9 -1.5  0.000000000000
 2.1  0.9 -0.9  0.000000000000
 2.1  0.9 -0.3  0.000000000000
 2.1  0.9  0.3  0.000000000000
 2.1  0.9  0.9  0.000000000000
 2.1  0.9  1.5  0.000000000000
 2.1  0.9  2.1  0.000000000000
 2.1  1.5 -2.1  0.000000000000
 2.1  1.5 -1.5  0.000000000000
 2.1  1.5 -0.9  0.000000000000
 2.1  1.5 -0.3  0.000000000000
 2.1  1.5  0.3  0.000000000000
 2.1  1.5  0.9  0.000000000000
 2.1  1.5  1.5  0.000000000000
 2.1  1.5  2.1  0.000000000000
 2.1  2.1 -2.1  0.000000000000
 2.1  2.1 -1.5  0.000000000000
 2.1  2.1 -0.9  0.000000000000
 2.1  2.1 -0.3  0.000000000000
 2.1  2.1  0.3  0.000000000000
 2.1  2.1  0.9  0.000000000000
 2.1  2.1  1.5  0.000000000000
 2.1  2.1  2.1  0.000000000000
