-2.1 -2.1 -2.1  0.000000000000
-2.1 -2.1 -1.5  0.000000000000
-2.1 -2.1 -0.9  0.000000000000
-2.1 -2.1 -0.3  0.000000000000
-2.1 -2.1  0.3  0.000000000000
-2.1 -2.1  0.9  0.000000000000
-2.1 -2.1  1.5  0.000000000000
-2.1 -2.1  2.1  0.000000000000
-2.1 -1.5 -2.1  0.000000000000
-2.1 -1.5 -1.5  0.000000000000
-2.1 -1.5 -0.9  0.000000000000
-2.1 -1.5 -0.3  0.000000000000
-2.1 -1.5  0.3  0.000000000000
-2.1 -1.5  0.9  0.000000000000
-2.1 -1.5  1.5  0.000000000000
-2.1 -1.5  2.1  0.000000000000
-2.1 -0.9 -2.1  0.000000000000
-2.1 -0.9 -1.5  0.000000000000
-2.1 -0.9 -0.9  0.000000000000
-2.1 -0.9 -0.3  0.000000000000
-2.1 -0.9  0.3  0.000000000000
-2.1 -0.9  0.9  0.000000000000
-2.1 -0.9  1.5  0.000000000000
-2.1 -0.9  2.1  0.000000000000
-2.1 -0.3 -2.1  0.000000000000
-2.1 -0.3 -1.5  0.000000000000
-2.1 -0.3 -0.9  0.000000000000
-2.1 -0.3 -0.3  0.000000000000
-2.1 -0.3  0.3  0.000000000000
-2.1 -0.3  0.9  0.000000000000
-2.1 -0.3  1.5  0.000000000000
-2.1 -0.3  2.1  0.000000000000
-2.1  0.3 -2.1  0.000000000000
-2.1  0.3 -1.5  0.000000000000
-2.1  0.3 -0.9  0.000000000000
-2.1  0.3 -0.3  0.000000000000
-2.1  0.3  0.3  0.000000000000
-2.1  0.3  0.9  0.000000000000
-2.1  0.3  1.5  0.000000000000
-2.1  0.3  2.1  0.000000000000
-2.1  0.9 -2.1  0.000000000000
-2.1  0.9 -1.5  0.000000000000
-2.1  0.9 -0.9  0.000000000000
-2.1  0.9 -0.3  0.000000000000
-2.1  0.9  0.3  0.000000000000
-2.1  0.9  0.9  0.000000000000
-2.1  0.9  1.5  0.000000000000
-2.1  0.9  2.1  0.000000000000
-2.1  1.5 -2.1  0.000000000000
-2.1  1.5 -1.5  0.000000000000
-2.1  1.5 -0.9  0.000000000000
-2.1  1.5 -0.3  0.000000000000
-2.1  1.5  0.3  0.000000000000
-2.1  1.5  0.9  0.000000000000
-2.1  1.5  1.5  0.000000000000
-2.1  1.5  2.1  0.000000000000
-2.1  2.1 -2.1  0.000000000000
-2.1  2.1 -1.5  0.000000000000
-2.1  2.1 -0.9  0.000000000000
-2.1  2.1 -0.3  0.000000000000
-2.1  2.1  0.3  0.000000000000
-2.1  2.1  0.9  0.000000000000
-2.1  2.1  1.5  0.000000000000
-2.1  2.1  2.1  0.000000000000
-1.5 -2.1 -2.1  0.000000000000
-1.5 -2.1 -1.5  0.000000000000
-1.5 -2.1 -0.9  0.000000000000
-1.5 -2.1 -0.3  0.000000000000
-1.5 -2.1  0.3  0.000000000000
-1.5 -2.1  0.9  0.000000000000
-1.5 -2.1  1.5  0.000000000000
-1.5 -2.1  2.1  0.000000000000
-1.5 -1.5 -2.1  0.000000000000
-1.5 -1.5 -1.5  0.000000000000
-1.5 -1.5 -0.9  0.000000000000
-1.5 -1.5 -0.3  0.000000000000
-1.5 -1.5  0.3  0.000000000000
-1.5 -1.5  0.9  0.000000000000
-1.5 -1.5  1.5  0.000000000000
-1.5 -1.5  2.1  0.000000000000
-1.5 -0.9 -2.1  0.000000000000
-1.5 -0.9 -1.5  0.000000000000
-1.5 -0.9 -0.9  0.000000000000
-1.5 -0.9 -0.3  0.000000000000
-1.5 -0.9  0.3  0.000000000000
-1.5 -0.9  0.9  0.000000000000
-1.5 -0.9  1.5  0.000000000000
-1.5 -0.9  2.1  0.000000000000
-1.5 -0.3 -2.1  0.000000000000
-1.5 -0.3 -1.5  0.000000000000
-1.5 -0.3 -0.9  0.000000000000
-1.5 -0.3 -0.3  0.000000000000
-1.5 -0.3  0.3  0.000000000000
-1.5 -0.3  0.9  0.000000000000
-1.5 -0.3  1.5  0.000000000000
-1.5 -0.3  2.1  0.000000000000
-1.5  0.3 -2.1  0.000000000000
-1.5  0.3 -1.5  0.000000000000
-1.5  0.3 -0.9  0.000000000000
-1.5  0.3 -0.3  0.000000000000
-1.5  0.3  0.3  0.000000000000
-1.5  0.3  0.9  0.000000000000
-1.5  0.3  1.5  0.000000000000
-1.5  0.3  2.1  0.000000000000
-1.5  0.9 -2.1  0.000000000000
-1.5  0.9 -1.5  0.000000000000
-1.5  0.9 -0.9  0.000000000000
-1.5  0.9 -0.3  0.000000000000
-1.5  0.9  0.3  0.000000000000
-1.5  0.9  0.9  0.000000000000
-1.5  0.9  1.5  0.000000000000
-1.5  0.9  2.1  0.000000000000
-1.5  1.5 -2.1  0.000000000000
-1.5  1.5 -1.5  0.000000000000
-1.5  1.5 -0.9  0.000000000000
-1.5  1.5 -0.3  0.000000000000
-1.5  1.5  0.3  0.000000000000
-1.5  1.5  0.9  0.000000000000
-1.5  1.5  1.5  0.000000000000
-1.5  1.5  2.1  0.000000000000
-1.5  2.1 -2.1  0.000000000000
-1.5  2.1 -1.5  0.000000000000
-1.5  2.1 -0.9  0.000000000000
-1.5  2.1 -0.3  0.000000000000
-1.5  2.1  0.3  0.000000000000
-1.5  2.1  0.9  0.000000000000
-1.5  2.1  1.5  0.000000000000
-1.5  2.1  2.1  0.000000000000
-0.9 -2.1 -2.1  0.000000000000
-0.9 -2.1 -1.5  0.000000000000
-0.9 -2.1 -0.9  0.000000000000
-0.9 -2.1 -0.3  0.000000000000
-0.9 -2.1  0.3  0.000000000000
-0.9 -2.1  0.9  0.000000000000
-0.9 -2.1  1.5  0.000000000000
-0.9 -2.1  2.1  0.000000000000
-0.9 -1.5 -2.1  0.000000000000
-0.9 -1.5 -1.5  0.000000000000
-0.9 -1.5 -0.9  0.000000000000
-0.9 -1.5 -0.3  0.000000000000
-0.9 -1.5  0.3  0.000000000000
-0.9 -1.5  0.9  0.000000000000
-0.9 -1.5  1.5  0.000000000000
-0.9 -1.5  2.1  0.000000000000
-0.9 -0.9 -2.1  0.000000000000
-0.9 -0.9 -1.5  0.000000000000
-0.9 -0.9 -0.9  0.000000000000
-0.9 -0.9 -0.3  0.000000000000
-0.9 -0.9  0.3  0.000000000000
-0.9 -0.9  0.9  0.000000000000
-0.9 -0.9  1.5  0.000000000000
-0.9 -0.9  2.1  0.000000000000
-0.9 -0.3 -2.1  0.000000000000
-0.9 -0.3 -1.5  0.000000000000
-0.9 -0.3 -0.9  0.000000000000
-0.9 -0.3 -0.3  0.000000000000
-0.9 -0.3  0.3  0.000000000000
-0.9 -0.3  0.9  0.000000000000
-0.9 -0.3  1.5  0.000000000000
-0.9 -0.3  2.1  0.000000000000
-0.9  0.3 -2.1  0.000000000000
-0.9  0.3 -1.5  0.000000000000
-0.9  0.3 -0.9  0.000000000000
-0.9  0.3 -0.3  0.000000000000
-0.9  0.3  0.3  0.000000000000
-0.9  0.3  0.9  0.000000000000
-0.9  0.3  1.5  0.000000000000
-0.9  0.3  2.1  0.000000000000
-0.9  0.9 -2.1  0.000000000000
-0.9  0.9 -1.5  0.000000000000
-0.9  0.9 -0.9  0.000000000000
-0.9  0.9 -0.3  0.000000000000
-0.9  0.9  0.3  0.000000000000
-0.9  0.9  0.9  0.000883000000
-0.9  0.9  1.5  0.002650000000
-0.9  0.9  2.1  0.000000000000
-0.9  1.5 -2.1  0.000000000000
-0.9  1.5 -1.5  0.000000000000
-0.9  1.5 -0.9  0.000000000000
-0.9  1.5 -0.3  0.000000000000
-0.9  1.5  0.3  0.000000000000
-0.9  1.5  0.9  0.021200000000
-0.9  1.5  1.5  0.063600000000
-0.9  1.5  2.1  0.000000000000
-0.9  2.1 -2.1  0.000000000000
-0.9  2.1 -1.5  0.000000000000
-0.9  2.1 -0.9  0.000000000000
-0.9  2.1 -0.3  0.000000000000
-0.9  2.1  0.3  0.000000000000
-0.9  2.1  0.9  0.000000000000
-0.9  2.1  1.5  0.000000000000
-0.9  2.1  2.1  0.000000000000
-0.3 -2.1 -2.1  0.000000000000
-0.3 -2.1 -1.5  0.000000000000
-0.3 -2.1 -0.9  0.000000000000
-0.3 -2.1 -0.3  0.000000000000
-0.3 -2.1  0.3  0.000000000000
-0.3 -2.1  0.9  0.000000000000
-0.3 -2.1  1.5  0.000000000000
-0.3 -2.1  2.1  0.000000000000
-0.3 -1.5 -2.1  0.000000000000
-0.3 -1.5 -1.5  0.000000000000
-0.3 -1.5 -0.9  0.000000000000
-0.3 -1.5 -0.3  0.000000000000
-0.3 -1.5  0.3  0.000000000000
-0.3 -1.5  0.9  0.000000000000
-0.3 -1.5  1.5  0.000000000000
-0.3 -1.5  2.1  0.000000000000
-0.3 -0.9 -2.1  0.000000000000
-0.3 -0.9 -1.5  0.000000000000
-0.3 -0.9 -0.9  0.000000000000
-0.3 -0.9 -0.3  0.000000000000
-0.3 -0.9  0.3  0.000000000000
-0.3 -0.9  0.9  0.000000000000
-0.3 -0.9  1.5  0.000000000000
-0.3 -0.9  2.1  0.000000000000
-0.3 -0.3 -2.1  0.000000000000
-0.3 -0.3 -1.5  0.000000000000
-0.3 -0.3 -0.9  0.000000000000
-0.3 -0.3 -0.3  0.000000000000
-0.3 -0.3  0.3  0.000000000000
-0.3 -0.3  0.9  0.000000000000
-0.3 -0.3  1.5  0.000000000000
-0.3 -0.3  2.1  0.000000000000
-0.3  0.3 -2.1  0.000000000000
-0.3  0.3 -1.5  0.000000000000
-0.3  0.3 -0.9  0.000000000000
-0.3  0.3 -0.3  0.000000000000
-0.3  0.3  0.3  0.000000000000
-0.3  0.3  0.9  0.000000000000
-0.3  0.3  1.5  0.000000000000
-0.3  0.3  2.1  0.000000000000
-0.3  0.9 -2.1  0.000000000000
-0.3  0.9 -1.5  0.000000000000
-0.3  0.9 -0.9  0.000000000000
-0.3  0.9 -0.3  0.000000000000
-0.3  0.9  0.3  0.000000000000
-0.3  0.9  0.9  0.009117000000
-0.3  0.9  1.5  0.027350000000
-0.3  0.9  2.1  0.000000000000
-0.3  1.5 -2.1  0.000000000000
-0.3  1.5 -1.5  0.000000000000
-0.3  1.5 -0.9  0.000000000000
-0.3  1.5 -0.3  0.000000000000
-0.3  1.5  0.3  0.000000000000
-0.3  1.5  0.9  0.218800000000
-0.3  1.5  1.5  0.656400000000
-0.3  1.5  2.1  0.000000000000
-0.3  2.1 -2.1  0.000000000000
-0.3  2.1 -1.5  0.000000000000
-0.3  2.1 -0.9  0.000000000000
-0.3  2.1 -0.3  0.000000000000
-0.3  2.1  0.3  0.000000000000
-0.3  2.1  0.9  0.000000000000
-0.3  2.1  1.5  0.000000000000
-0.3  2.1  2.1  0.000000000000
 0.3 -2.1 -2.1  0.000000000000
 0.3 -2.1 -1.5  0.000000000000
 0.3 -2.1 -0.9  0.000000000000
 0.3 -2.1 -0.3  0.000000000000
 0.3 -2.1  0.3  0.000000000000
 0.3 -2.1  0.9  0.000000000000
 0.3 -2.1  1.5  0.000000000000
 0.3 -2.1  2.1  0.000000000000
 0.3 -1.5 -2.1  0.000000000000
 0.3 -1.5 -1.5  0.000000000000
 0.3 -1.5 -0.9  0.000000000000
 0.3 -1.5 -0.3  0.000000000000
 0.3 -1.5  0.3  0.000000000000
 0.3 -1.5  0.9  0.000000000000
 0.3 -1.5  1.5  0.000000000000
 0.3 -1.5  2.1  0.000000000000
 0.3 -0.9 -2.1  0.000000000000
 0.3 -0.9 -1.5  0.000000000000
 0.3 -0.9 -0.9  0.000000000000
 0.3 -0.9 -0.3  0.000000000000
 0.3 -0.9  0.3  0.000000000000
 0.3 -0.9  0.9  0.000000000000
 0.3 -0.9  1.5  0.000000000000
 0.3 -0.9  2.1  0.000000000000
 0.3 -0.3 -2.1  0.000000000000
 0.3 -0.3 -1.5  0.000000000000
 0.3 -0.3 -0.9  0.000000000000
 0.3 -0.3 -0.3  0.000000000000
 0.3 -0.3  0.3  0.000000000000
 0.3 -0.3  0.9  0.000000000000
 0.3 -0.3  1.5  0.000000000000
 0.3 -0.3  2.1  0.000000000000
 0.3  0.3 -2.1  0.000000000000
 0.3  0.3 -1.5  0.000000000000
 0.3  0.3 -0.9  0.000000000000
 0.3  0.3 -0.3  0.000000000000
 0.3  0.3  0.3  0.000000000000
 0.3  0.3  0.9  0.000000000000
 0.3  0.3  1.5  0.000000000000
 0.3  0.3  2.1  0.000000000000
 0.3  0.9 -2.1  0.000000000000
 0.3  0.9 -1.5  0.000000000000
 0.3  0.9 -0.9  0.000000000000
 0.3  0.9 -0.3  0.000000000000
 0.3  0.9  0.3  0.000000000000
 0.3  0.9  0.9  0.000000000000
 0.3  0.9  1.5  0.000000000000
 0.3  0.9  2.1  0.000000000000
 0.3  1.5 -2.1  0.000000000000
 0.3  1.5 -1.5  0.000000000000
 0.3  1.5 -0.9  0.000000000000
 0.3  1.5 -0.3  0.000000000000
 0.3  1.5  0.3  0.000000000000
 0.3  1.5  0.9  0.000000000000
 0.3  1.5  1.5  0.000000000000
 0.3  1.5  2.1  0.000000000000
 0.3  2.1 -2.1  0.000000000000
 0.3  2.1 -1.5  0.000000000000
 0.3  2.1 -0.9  0.000000000000
 0.3  2.1 -0.3  0.000000000000
 0.3  2.1  0.3  0.000000000000
 0.3  2.1  0.9  0.000000000000
 0.3  2.1  1.5  0.000000000000
 0.3  2.1  2.1  0.000000000000
 0.9 -2.1 -2.1  0.000000000000
 0.9 -2.1 -1.5  0.000000000000
 0.9 -2.1 -0.9  0.000000000000
 0.9 -2.1 -0.3  0.000000000000
 0.9 -2.1  0.3  0.000000000000
 0.9 -2.1  0.9  0.000000000000
 0.9 -2.1  1.5  0.000000000000
 0.9 -2.1  2.1  0.000000000000
 0.9 -1.5 -2.1  0.000000000000
 0.9 -1.5 -1.5  0.000000000000
 0.9 -1.5 -0.9  0.000000000000
 0.9 -1.5 -0.3  0.000000000000
 0.9 -1.5  0.3  0.000000000000
 0.9 -1.5  0.9  0.000000000000
 0.9 -1.5  1.5  0.000000000000
 0.9 -1.5  2.1  0.000000000000
 0.9 -0.9 -2.1  0.000000000000
 0.9 -0.9 -1.5  0.000000000000
 0.9 -0.9 -0.9  0.000000000000
 0.9 -0.9 -0.3  0.000000000000
 0.9 -0.9  0.3  0.000000000000
 0.9 -0.9  0.9  0.000000000000
 0.9 -0.9  1.5  0.000000000000
 0.9 -0.9  2.1  0.000000000000
 0.9 -0.3 -2.1  0.000000000000
 0.9 -0.3 -1.5  0.000000000000
 0.9 -0.3 -0.9  0.000000000000
 0.9 -0.3 -0.3  0.000000000000
 0.9 -0.3  0.3  0.000000000000
 0.9 -0.3  0.9  0.000000000000
 0.9 -0.3  1.5  0.000000000000
 0.9 -0.3  2.1  0.000000000000
 0.9  0.3 -2.1  0.000000000000
 0.9  0.3 -1.5  0.000000000000
 0.9  0.3 -0.9  0.000000000000
 0.9  0.3 -0.3  0.000000000000
 0.9  0.3  0.3  0.000000000000
 0.9  0.3  0.9  0.000000000000
 0.9  0.3  1.5  0.002320000000
 0.9  0.3  2.1  0.028608000000
 0.9  0.9 -2.1  0.000000000000
 0.9  0.9 -1.5  0.000000000000
 0.9  0.9 -0.9  0.000000000000
 0.9  0.9 -0.3  0.000000000000
 0.9  0.9  0.3  0.000000000000
 0.9  0.9  0.9  0.000000000000
 0.9  0.9  1.5  0.000055000000
 0.9  0.9  2.1  0.000683000000
 0.9  1.5 -2.1  0.000000000000
 0.9  1.5 -1.5  0.000000000000
 0.9  1.5 -0.9  0.000000000000
 0.9  1.5 -0.3  0.000000000000
 0.9  1.5  0.3  0.000000000000
 0.9  1.5  0.9  0.000000000000
 0.9  1.5  1.5  0.000000000000
 0.9  1.5  2.1  0.000000000000
 0.9  2.1 -2.1  0.000000000000
 0.9  2.1 -1.5  0.000000000000
 0.9  2.1 -0.9  0.000000000000
 0.9  2.1 -0.3  0.000000000000
 0.9  2.1  0.3  0.000000000000
 0.9  2.1  0.9  0.000000000000
 0.9  2.1  1.5  0.000000000000
 0.9  2.1  2.1  0.000000000000
 1.5 -2.1 -2.1  0.000000000000
 1.5 -2.1 -1.5  0.000000000000
 1.5 -2.1 -0.9  0.000000000000
 1.5 -2.1 -0.3  0.000000000000
 1.5 -2.1  0.3  0.000000000000
 1.5 -2.1  0.9  0.000000000000
 1.5 -2.1  1.5  0.000000000000
 1.5 -2.1  2.1  0.000000000000
 1.5 -1.5 -2.1  0.000000000000
 1.5 -1.5 -1.5  0.000000000000
 1.5 -1.5 -0.9  0.000000000000
 1.5 -1.5 -0.3  0.000000000000
 1.5 -1.5  0.3  0.000000000000
 1.5 -1.5  0.9  0.000000000000
 1.5 -1.5  1.5  0.000000000000
 1.5 -1.5  2.1  0.000000000000
 1.5 -0.9 -2.1  0.000000000000
 1.5 -0.9 -1.5  0.000000000000
 1.5 -0.9 -0.9  0.000000000000
 1.5 -0.9 -0.3  0.000000000000
 1.5 -0.9  0.3  0.000000000000
 1.5 -0.9  0.9  0.000000000000
 1.5 -0.9  1.5  0.000000000000
 1.5 -0.9  2.1  0.000000000000
 1.5 -0.3 -2.1  0.000000000000
 1.5 -0.3 -1.5  0.000000000000
 1.5 -0.3 -0.9  0.000000000000
 1.5 -0.3 -0.3  0.000000000000
 1.5 -0.3  0.3  0.000000000000
 1.5 -0.3  0.9  0.000000000000
 1.5 -0.3  1.5  0.000000000000
 1.5 -0.3  2.1  0.000000000000
 1.5  0.3 -2.1  0.000000000000
 1.5  0.3 -1.5  0.000000000000
 1.5  0.3 -0.9  0.000000000000
 1.5  0.3 -0.3  0.000000000000
 1.5  0.3  0.3  0.000000000000
 1.5  0.3  0.9  0.000000000000
 1.5  0.3  1.5  0.070930000000
 1.5  0.3  2.1  0.874808000000
 1.5  0.9 -2.1  0.000000000000
 1.5  0.9 -1.5  0.000000000000
 1.5  0.9 -0.9  0.000000000000
 1.5  0.9 -0.3  0.000000000000
 1.5  0.9  0.3  0.000000000000
 1.5  0.9  0.9  0.000000000000
 1.5  0.9  1.5  0.001695000000
 1.5  0.9  2.1  0.020900000000
 1.5  1.5 -2.1  0.000000000000
 1.5  1.5 -1.5  0.000000000000
 1.5  1.5 -0.9  0.000000000000
 1.5  1.5 -0.3  0.000000000000
 1.5  1.5  0.3  0.000000000000
 1.5  1.5  0.9  0.000000000000
 1.5  1.5  1.5  0.000000000000
 1.5  1.5  2.1  0.000000000000
 1.5  2.1 -2.1  0.000000000000
 1.5  2.1 -1.5  0.000000000000
 1.5  2.1 -0.9  0.000000000000
 1.5  2.1 -0.3  0.000000000000
 1.5  2.1  0.3  0.000000000000
 1.5  2.1  0.9  0.000000000000
 1.5  2.1  1.5  0.000000000000
 1.5  2.1  2.1  0.000000000000
 2.1 -2.1 -2.1  0.000000000000
 2.1 -2.1 -1.5  0.000000000000
 2.1 -2.1 -0.9  0.000000000000
 2.1 -2.1 -0.3  0.000000000000
 2.1 -2.1  0.3  0.000000000000
 2.1 -2.1  0.9  0.000000000000
 2.1 -2.1  1.5  0.000000000000
 2.1 -2.1  2.1  0.000000000000
 2.1 -1.5 -2.1  0.000000000000
 2.1 -1.5 -1.5  0.000000000000
 2.1 -1.5 -0.9  0.000000000000
 2.1 -1.5 -0.3  0.000000000000
 2.1 -1.5  0.3  0.000000000000
 2.1 -1.5  0.9  0.000000000000
 2.1 -1.5  1.5  0.000000000000
 2.1 -1.5  2.1  0.000000000000
 2.1 -0.9 -2.1  0.000000000000
 2.1 -0.9 -1.5  0.000000000000
 2.1 -0.9 -0.9  0.000000000000
 2.1 -0.9 -0.3  0.000000000000
 2.1 -0.9  0.3  0.000000000000
 2.1 -0.9  0.9  0.000000000000
 2.1 -0.9  1.5  0.000000000000
 2.1 -0.9  2.1  0.000000000000
 2.1 -0.3 -2.1  0.000000000000
 2.1 -0.3 -1.5  0.000000000000
 2.1 -0.3 -0.9  0.000000000000
 2.1 -0.3 -0.3  0.000000000000
 2.1 -0.3  0.3  0.000000000000
 2.1 -0.3  0.9  0.000000000000
 2.1 -0.3  1.5  0.000000000000
 2.1 -0.3  2.1  0.000000000000
 2.1  0.3 -2.1  0.000000000000
 2.1  0.3 -1.5  0.000000000000
 2.1  0.3 -0.9  0.000000000000
 2.1  0.3 -0.3  0.000000000000
 2.1  0.3  0.3  0.000000000000
 2.1  0.3  0.9  0.000000000000
 2.1  0.3  1.5  0.000000000000
 2.1  0.3  2.1  0.000000000000
 2.1  0.9 -2.1  0.000000000000
 2.1  0.9 -1.5  0.000000000000
 2.1  0.9 -0.9  0.000000000000
 2.1  0.9 -0.3  0.000000000000
 2.1  0.9  0.3  0.000000000000
 2.1  0.9  0.9  0.000000000000
 2.1  0.9  1.5  0.000000000000
 2.1  0.9  2.1  0.000000000000
 2.1  1.5 -2.1  0.000000000000
 2.1  1.5 -1.5  0.000000000000
 2.1  1.5 -0.9  0.000000000000
 2.1  1.5 -0.3  0.000000000000
 2.1  1.5  0.3  0.000000000000
 2.1  1.5  0.9  0.000000000000
 2.1  1.5  1.5  0.000000000000
 2.1  1.5  2.1  0.000000000000
 2.1  2.1 -2.1  0.000000000000
 2.1  2.1 -1.5  0.000000000000
 2.1  2.1 -0.9  0.000000000000
 2.1  2.1 -0.3  0.000000000000
 2.1  2.1  0.3  0.000000000000
 2.1  2.1  0.9  0.000000000000
 2.1  2.1  1.5  0.000000000000
 2.1  2.1  2.1  0.000000000000
