-2.1 -2.1 -2.1  0.000000000000
-2.1 -2.1 -1.5  0.000000000000
-2.1 -2.1 -0.9  0.000000000000
-2.1 -2.1 -0.3  0.000000000000
-2.1 -2.1  0.3  0.000000000000
-2.1 -2.1  0.9  0.000000000000
-2.1 -2.1  1.5  0.000000000000
-2.1 -2.1  2.1  0.000000000000
-2.1 -1.5 -2.1  0.000000000000
-2.1 -1.5 -1.5  0.000000000000
-2.1 -1.5 -0.9  0.000000000000
-2.1 -1.5 -0.3  0.000000000000
-2.1 -1.5  0.3  0.000000000000
-2.1 -1.5  0.9  0.000000000000
-2.1 -1.5  1.5  0.000000000000
-2.1 -1.5  2.1  0.000000000000
-2.1 -0.9 -2.1  0.000000000000
-2.1 -0.9 -1.5  0.000000000000
-2.1 -0.9 -0.9  0.000000000000
-2.1 -0.9 -0.3  0.000000000000
-2.1 -0.9  0.3  0.000000000000
-2.1 -0.9  0.9  0.000000000000
-2.1 -0.9  1.5  0.000000000000
-2.1 -0.9  2.1  0.000000000000
-2.1 -0.3 -2.1  0.000000000000
-2.1 -0.3 -1.5  0.000000000000
-2.1 -0.3 -0.9  0.000000000000
-2.1 -0.3 -0.3  0.000000000000
-2.1 -0.3  0.3  0.000000000000
-2.1 -0.3  0.9  0.000000000000
-2.1 -0.3  1.5  0.000000000000
-2.1 -0.3  2.1  0.000000000000
-2.1  0.3 -2.1  0.000000000000
-2.1  0.3 -1.5  0.000000000000
-2.1  0.3 -0.9  0.000000000000
-2.1  0.3 -0.3  0.000000000000
-2.1  0.3  0.3  0.000000000000
-2.1  0.3  0.9  0.000000000000
-2.1  0.3  1.5  0.000000000000
-2.1  0.3  2.1  0.000000000000
-2.1  0.9 -2.1  0.000000000000
-2.1  0.9 -1.5  0.000000000000
-2.1  0.9 -0.9  0.000000000000
-2.1  0.9 -0.3  0.000000000000
-2.1  0.9  0.3  0.000000000000
-2.1  0.9  0.9  0.000000000000
-2.1  0.9  1.5  0.000000000000
-2.1  0.9  2.1  0.000000000000
-2.1  1.5 -2.1  0.000000000000
-2.1  1.5 -1.5  0.000000000000
-2.1  1.5 -0.9  0.000000000000
-2.1  1.5 -0.3  0.000000000000
-2.1  1.5  0.3  0.000000000000
-2.1  1.5  0.9  0.000000000000
-2.1  1.5  1.5  0.000000000000
-2.1  1.5  2.1  0.000000000000
-2.1  2.1 -2.1  0.000000000000
-2.1  2.1 -1.5  0.000000000000
-2.1  2.1 -0.9  0.000000000000
-2.1  2.1 -0.3  0.000000000000
-2.1  2.1  0.3  0.000000000000
-2.1  2.1  0.9  0.000000000000
-2.1  2.1  1.5  0.000000000000
-2.1  2.1  2.1  0.000000000000
-1.5 -2.1 -2.1  0.000000000000
-1.5 -2.1 -1.5  0.000000000000
-1.5 -2.1 -0.9  0.000000000000
-1.5 -2.1 -0.3  0.000000000000
-1.5 -2.1  0.3  0.000000000000
-1.5 -2.1  0.9  0.000000000000
-1.5 -2.1  1.5  0.000000000000
-1.5 -2.1  2.1  0.000000000000
-1.5 -1.5 -2.1  0.000000000000
-1.5 -1.5 -1.5  0.000000000000
-1.5 -1.5 -0.9  0.000000000000
-1.5 -1.5 -0.3  0.000000000000
-1.5 -1.5  0.3  0.000000000000
-1.5 -1.5  0.9  0.000000000000
-1.5 -1.5  1.5  0.000000000000
-1.5 -1.5  2.1  0.000000000000
-1.5 -0.9 -2.1  0.000000000000
-1.5 -0.9 -1.5  0.000000000000
-1.5 -0.9 -0.9  0.000000000000
-1.5 -0.9 -0.3  0.000000000000
-1.5 -0.9  0.3  0.000000000000
-1.5 -0.9  0.9  0.000000000000
-1.5 -0.9  1.5  0.000000000000
-1.5 -0.9  2.1  0.000000000000
-1.5 -0.3 -2.1  0.000000000000
-1.5 -0.3 -1.5  0.000000000000
-1.5 -0.3 -0.9  0.000000000000
-1.5 -0.3 -0.3  0.000000000000
-1.5 -0.3  0.3  0.000000000000
-1.5 -0.3  0.9  0.000000000000
-1.5 -0.3  1.5  0.000000000000
-1.5 -0.3  2.1  0.000000000000
-1.5  0.3 -2.1  0.000000000000
-1.5  0.3 -1.5  0.000000000000
-1.5  0.3 -0.9  0.000000000000
-1.5  0.3 -0.3  0.000000000000
-1.5  0.3  0.3  0.000000000000
-1.5  0.3  0.9  0.000000000000
-1.5  0.3  1.5  0.000000000000
-1.5  0.3  2.1  0.000000000000
-1.5  0.9 -2.1  0.000000000000
-1.5  0.9 -1.5  0.000000000000
-1.5  0.9 -0.9  0.000000000000
-1.5  0.9 -0.3  0.000000000000
-1.5  0.9  0.3  0.000000000000
-1.5  0.9  0.9  0.000000000000
-1.5  0.9  1.5  0.000000000000
-1.5  0.9  2.1  0.000000000000
-1.5  1.5 -2.1  0.000000000000
-1.5  1.5 -1.5  0.000000000000
-1.5  1.5 -0.9  0.000000000000
-1.5  1.5 -0.3  0.000000000000
-1.5  1.5  0.3  0.000000000000
-1.5  1.5  0.9  0.000000000000
-1.5  1.5  1.5  0.000000000000
-1.5  1.5  2.1  0.000000000000
-1.5  2.1 -2.1  0.000000000000
-1.5  2.1 -1.5  0.000000000000
-1.5  2.1 -0.9  0.000000000000
-1.5  2.1 -0.3  0.000000000000
-1.5  2.1  0.3  0.000000000000
-1.5  2.1  0.9  0.000000000000
-1.5  2.1  1.5  0.000000000000
-1.5  2.1  2.1  0.000000000000
-0.9 -2.1 -2.1  0.000000000000
-0.9 -2.1 -1.5  0.000000000000
-0.9 -2.1 -0.9  0.000000000000
-0.9 -2.1 -0.3  0.000000000000
-0.9 -2.1  0.3  0.000000000000
-0.9 -2.1  0.9  0.000000000000
-0.9 -2.1  1.5  0.000000000000
-0.9 -2.1  2.1  0.000000000000
-0.9 -1.5 -2.1  0.000000000000
-0.9 -1.5 -1.5  0.000000000000
-0.9 -1.5 -0.9  0.000000000000
-0.9 -1.5 -0.3  0.000000000000
-0.9 -1.5  0.3  0.000000000000
-0.9 -1.5  0.9  0.000000000000
-0.9 -1.5  1.5  0.000000000000
-0.9 -1.5  2.1  0.000000000000
-0.9 -0.9 -2.1  0.000000000000
-0.9 -0.9 -1.5  0.000000000000
-0.9 -0.9 -0.9  0.000000000000
-0.9 -0.9 -0.3  0.000000000000
-0.9 -0.9  0.3  0.000000000000
-0.9 -0.9  0.9  0.000000000000
-0.9 -0.9  1.5  0.000000000000
-0.9 -0.9  2.1  0.000000000000
-0.9 -0.3 -2.1  0.000000000000
-0.9 -0.3 -1.5  0.000000000000
-0.9 -0.3 -0.9  0.000000000000
-0.9 -0.3 -0.3  0.000000000000
-0.9 -0.3  0.3  0.000000000000
-0.9 -0.3  0.9  0.000000000000
-0.9 -0.3  1.5  0.000000000000
-0.9 -0.3  2.1  0.000000000000
-0.9  0.3 -2.1  0.000000000000
-0.9  0.3 -1.5  0.000000000000
-0.9  0.3 -0.9  0.000000000000
-0.9  0.3 -0.3  0.000000000000
-0.9  0.3  0.3  0.000000000000
-0.9  0.3  0.9  0.019972000000
-0.9  0.3  1.5  0.012328000000
-0.9  0.3  2.1  0.000000000000
-0.9  0.9 -2.1  0.000000000000
-0.9  0.9 -1.5  0.000000000000
-0.9  0.9 -0.9  0.000000000000
-0.9  0.9 -0.3  0.000000000000
-0.9  0.9  0.3  0.000000000000
-0.9  0.9  0.9  0.332478000000
-0.9  0.9  1.5  0.205222000000
-0.9  0.9  2.1  0.000000000000
-0.9  1.5 -2.1  0.000000000000
-0.9  1.5 -1.5  0.000000000000
-0.9  1.5 -0.9  0.000000000000
-0.9  1.5 -0.3  0.000000000000
-0.9  1.5  0.3  0.000000000000
-0.9  1.5  0.9  0.000000000000
-0.9  1.5  1.5  0.000000000000
-0.9  1.5  2.1  0.000000000000
-0.9  2.1 -2.1  0.000000000000
-0.9  2.1 -1.5  0.000000000000
-0.9  2.1 -0.9  0.000000000000
-0.9  2.1 -0.3  0.000000000000
-0.9  2.1  0.3  0.000000000000
-0.9  2.1  0.9  0.000000000000
-0.9  2.1  1.5  0.000000000000
-0.9  2.1  2.1  0.000000000000
-0.3 -2.1 -2.1  0.000000000000
-0.3 -2.1 -1.5  0.000000000000
-0.3 -2.1 -0.9  0.000000000000
-0.3 -2.1 -0.3  0.000000000000
-0.3 -2.1  0.3  0.000000000000
-0.3 -2.1  0.9  0.000000000000
-0.3 -2.1  1.5  0.000000000000
-0.3 -2.1  2.1  0.000000000000
-0.3 -1.5 -2.1  0.000000000000
-0.3 -1.5 -1.5  0.000000000000
-0.3 -1.5 -0.9  0.000000000000
-0.3 -1.5 -0.3  0.000000000000
-0.3 -1.5  0.3  0.000000000000
-0.3 -1.5  0.9  0.000000000000
-0.3 -1.5  1.5  0.000000000000
-0.3 -1.5  2.1  0.000000000000
-0.3 -0.9 -2.1  0.000000000000
-0.3 -0.9 -1.5  0.000000000000
-0.3 -0.9 -0.9  0.000000000000
-0.3 -0.9 -0.3  0.000000000000
-0.3 -0.9  0.3  0.000000000000
-0.3 -0.9  0.9  0.000000000000
-0.3 -0.9  1.5  0.000000000000
-0.3 -0.9  2.1  0.000000000000
-0.3 -0.3 -2.1  0.000000000000
-0.3 -0.3 -1.5  0.000000000000
-0.3 -0.3 -0.9  0.000000000000
-0.3 -0.3 -0.3  0.000000000000
-0.3 -0.3  0.3  0.000000000000
-0.3 -0.3  0.9  0.000000000000
-0.3 -0.3  1.5  0.000000000000
-0.3 -0.3  2.1  0.000000000000
-0.3  0.3 -2.1  0.000000000000
-0.3  0.3 -1.5  0.000000000000
-0.3  0.3 -0.9  0.000000000000
-0.3  0.3 -0.3  0.000000000000
-0.3  0.3  0.3  0.000000000000
-0.3  0.3  0.9  0.015067000000
-0.3  0.3  1.5  0.009300000000
-0.3  0.3  2.1  0.000000000000
-0.3  0.9 -2.1  0.000000000000
-0.3  0.9 -1.5  0.000000000000
-0.3  0.9 -0.9  0.000000000000
-0.3  0.9 -0.3  0.000000000000
-0.3  0.9  0.3  0.000000000000
-0.3  0.9  0.9  0.250817000000
-0.3  0.9  1.5  0.154817000000
-0.3  0.9  2.1  0.000000000000
-0.3  1.5 -2.1  0.000000000000
-0.3  1.5 -1.5  0.000000000000
-0.3  1.5 -0.9  0.000000000000
-0.3  1.5 -0.3  0.000000000000
-0.3  1.5  0.3  0.000000000000
-0.3  1.5  0.9  0.000000000000
-0.3  1.5  1.5  0.000000000000
-0.3  1.5  2.1  0.000000000000
-0.3  2.1 -2.1  0.000000000000
-0.3  2.1 -1.5  0.000000000000
-0.3  2.1 -0.9  0.000000000000
-0.3  2.1 -0.3  0.000000000000
-0.3  2.1  0.3  0.000000000000
-0.3  2.1  0.9  0.000000000000
-0.3  2.1  1.5  0.000000000000
-0.3  2.1  2.1  0.000000000000
 0.3 -2.1 -2.1  0.000000000000
 0.3 -2.1 -1.5  0.000000000000
 0.3 -2.1 -0.9  0.000000000000
 0.3 -2.1 -0.3  0.000000000000
 0.3 -2.1  0.3  0.000000000000
 0.3 -2.1  0.9  0.000000000000
 0.3 -2.1  1.5  0.000000000000
 0.3 -2.1  2.1  0.000000000000
 0.3 -1.5 -2.1  0.000000000000
 0.3 -1.5 -1.5  0.000000000000
 0.3 -1.5 -0.9  0.000000000000
 0.3 -1.5 -0.3  0.000000000000
 0.3 -1.5  0.3  0.000000000000
 0.3 -1.5  0.9  0.000000000000
 0.3 -1.5  1.5  0.000000000000
 0.3 -1.5  2.1  0.000000000000
 0.3 -0.9 -2.1  0.000000000000
 0.3 -0.9 -1.5  0.000000000000
 0.3 -0.9 -0.9  0.000000000000
 0.3 -0.9 -0.3  0.000000000000
 0.3 -0.9  0.3  0.000000000000
 0.3 -0.9  0.9  0.000000000000
 0.3 -0.9  1.5  0.000000000000
 0.3 -0.9  2.1  0.000000000000
 0.3 -0.3 -2.1  0.000000000000
 0.3 -0.3 -1.5  0.000000000000
 0.3 -0.3 -0.9  0.000000000000
 0.3 -0.3 -0.3  0.000000000000
 0.3 -0.3  0.3  0.000000000000
 0.3 -0.3  0.9  0.000000000000
 0.3 -0.3  1.5  0.000000000000
 0.3 -0.3  2.1  0.000000000000
 0.3  0.3 -2.1  0.000000000000
 0.3  0.3 -1.5  0.000000000000
 0.3  0.3 -0.9  0.000000000000
 0.3  0.3 -0.3  0.000000000000
 0.3  0.3  0.3  0.000000000000
 0.3  0.3  0.9  0.000000000000
 0.3  0.3  1.5  0.000000000000
 0.3  0.3  2.1  0.000000000000
 0.3  0.9 -2.1  0.000000000000
 0.3  0.9 -1.5  0.000000000000
 0.3  0.9 -0.9  0.000000000000
 0.3  0.9 -0.3  0.000000000000
 0.3  0.9  0.3  0.000000000000
 0.3  0.9  0.9  0.000000000000
 0.3  0.9  1.5  0.000000000000
 0.3  0.9  2.1  0.000000000000
 0.3  1.5 -2.1  0.000000000000
 0.3  1.5 -1.5  0.000000000000
 0.3  1.5 -0.9  0.000000000000
 0.3  1.5 -0.3  0.000000000000
 0.3  1.5  0.3  0.000000000000
 0.3  1.5  0.9  0.000000000000
 0.3  1.5  1.5  0.000000000000
 0.3  1.5  2.1  0.000000000000
 0.3  2.1 -2.1  0.000000000000
 0.3  2.1 -1.5  0.000000000000
 0.3  2.1 -0.9  0.000000000000
 0.3  2.1 -0.3  0.000000000000
 0.3  2.1  0.3  0.000000000000
 0.3  2.1  0.9  0.000000000000
 0.3  2.1  1.5  0.000000000000
 0.3  2.1  2.1  0.000000000000
 0.9 -2.1 -2.1  0.000000000000
 0.9 -2.1 -1.5  0.000000000000
 0.9 -2.1 -0.9  0.000000000000
 0.9 -2.1 -0.3  0.000000000000
 0.9 -2.1  0.3  0.000000000000
 0.9 -2.1  0.9  0.000000000000
 0.9 -2.1  1.5  0.000000000000
 0.9 -2.1  2.1  0.000000000000
 0.9 -1.5 -2.1  0.000000000000
 0.9 -1.5 -1.5  0.000000000000
 0.9 -1.5 -0.9  0.000000000000
 0.9 -1.5 -0.3  0.000000000000
 0.9 -1.5  0.3  0.000000000000
 0.9 -1.5  0.9  0.000000000000
 0.9 -1.5  1.5  0.000000000000
 0.9 -1.5  2.1  0.000000000000
 0.9 -0.9 -2.1  0.000000000000
 0.9 -0.9 -1.5  0.000000000000
 0.9 -0.9 -0.9  0.000000000000
 0.9 -0.9 -0.3  0.000000000000
 0.9 -0.9  0.3  0.000000000000
 0.9 -0.9  0.9  0.000000000000
 0.9 -0.9  1.5  0.000000000000
 0.9 -0.9  2.1  0.000000000000
 0.9 -0.3 -2.1  0.000000000000
 0.9 -0.3 -1.5  0.000000000000
 0.9 -0.3 -0.9  0.000000000000
 0.9 -0.3 -0.3  0.010328000000
 0.9 -0.3  0.3  0.005400000000
 0.9 -0.3  0.9  0.000000000000
 0.9 -0.3  1.5  0.000000000000
 0.9 -0.3  2.1  0.000000000000
 0.9  0.3 -2.1  0.000000000000
 0.9  0.3 -1.5  0.000000000000
 0.9  0.3 -0.9  0.000000000000
 0.9  0.3 -0.3  0.315817000000
 0.9  0.3  0.3  0.165122000000
 0.9  0.3  0.9  0.000000000000
 0.9  0.3  1.5  0.000000000000
 0.9  0.3  2.1  0.000000000000
 0.9  0.9 -2.1  0.000000000000
 0.9  0.9 -1.5  0.000000000000
 0.9  0.9 -0.9  0.000000000000
 0.9  0.9 -0.3  0.000000000000
 0.9  0.9  0.3  0.000000000000
 0.9  0.9  0.9  0.000000000000
 0.9  0.9  1.5  0.000000000000
 0.9  0.9  2.1  0.000000000000
 0.9  1.5 -2.1  0.000000000000
 0.9  1.5 -1.5  0.000000000000
 0.9  1.5 -0.9  0.000000000000
 0.9  1.5 -0.3  0.000000000000
 0.9  1.5  0.3  0.000000000000
 0.9  1.5  0.9  0.000000000000
 0.9  1.5  1.5  0.000000000000
 0.9  1.5  2.1  0.000000000000
 0.9  2.1 -2.1  0.000000000000
 0.9  2.1 -1.5  0.000000000000
 0.9  2.1 -0.9  0.000000000000
 0.9  2.1 -0.3  0.000000000000
 0.9  2.1  0.3  0.000000000000
 0.9  2.1  0.9  0.000000000000
 0.9  2.1  1.5  0.000000000000
 0.9  2.1  2.1  0.000000000000
 1.5 -2.1 -2.1  0.000000000000
 1.5 -2.1 -1.5  0.000000000000
 1.5 -2.1 -0.9  0.000000000000
 1.5 -2.1 -0.3  0.000000000000
 1.5 -2.1  0.3  0.000000000000
 1.5 -2.1  0.9  0.000000000000
 1.5 -2.1  1.5  0.000000000000
 1.5 -2.1  2.1  0.000000000000
 1.5 -1.5 -2.1  0.000000000000
 1.5 -1.5 -1.5  0.000000000000
 1.5 -1.5 -0.9  0.000000000000
 1.5 -1.5 -0.3  0.000000000000
 1.5 -1.5  0.3  0.000000000000
 1.5 -1.5  0.9  0.000000000000
 1.5 -1.5  1.5  0.000000000000
 1.5 -1.5  2.1  0.000000000000
 1.5 -0.9 -2.1  0.000000000000
 1.5 -0.9 -1.5  0.000000000000
 1.5 -0.9 -0.9  0.000000000000
 1.5 -0.9 -0.3  0.000000000000
 1.5 -0.9  0.3  0.000000000000
 1.5 -0.9  0.9  0.000000000000
 1.5 -0.9  1.5  0.000000000000
 1.5 -0.9  2.1  0.000000000000
 1.5 -0.3 -2.1  0.000000000000
 1.5 -0.3 -1.5  0.000000000000
 1.5 -0.3 -0.9  0.000000000000
 1.5 -0.3 -0.3  0.010467000000
 1.5 -0.3  0.3  0.005472000000
 1.5 -0.3  0.9  0.000000000000
 1.5 -0.3  1.5  0.000000000000
 1.5 -0.3  2.1  0.000000000000
 1.5  0.3 -2.1  0.000000000000
 1.5  0.3 -1.5  0.000000000000
 1.5  0.3 -0.9  0.000000000000
 1.5  0.3 -0.3  0.320056000000
 1.5  0.3  0.3  0.167339000000
 1.5  0.3  0.9  0.000000000000
 1.5  0.3  1.5  0.000000000000
 1.5  0.3  2.1  0.000000000000
 1.5  0.9 -2.1  0.000000000000
 1.5  0.9 -1.5  0.000000000000
 1.5  0.9 -0.9  0.000000000000
 1.5  0.9 -0.3  0.000000000000
 1.5  0.9  0.3  0.000000000000
 1.5  0.9  0.9  0.000000000000
 1.5  0.9  1.5  0.000000000000
 1.5  0.9  2.1  0.000000000000
 1.5  1.5 -2.1  0.000000000000
 1.5  1.5 -1.5  0.000000000000
 1.5  1.5 -0.9  0.000000000000
 1.5  1.5 -0.3  0.000000000000
 1.5  1.5  0.3  0.000000000000
 1.5  1.5  0.9  0.000000000000
 1.5  1.5  1.5  0.000000000000
 1.5  1.5  2.1  0.000000000000
 1.5  2.1 -2.1  0.000000000000
 1.5  2.1 -1.5  0.000000000000
 1.5  2.1 -0.9  0.000000000000
 1.5  2.1 -0.3  0.000000000000
 1.5  2.1  0.3  0.000000000000
 1.5  2.1  0.9  0.000000000000
 1.5  2.1  1.5  0.000000000000
 1.5  2.1  2.1  0.000000000000
 2.1 -2.1 -2.1  0.000000000000
 2.1 -2.1 -1.5  0.000000000000
 2.1 -2.1 -0.9  0.000000000000
 2.1 -2.1 -0.3  0.000000000000
 2.1 -2.1  0.3  0.000000000000
 2.1 -2.1  0.9  0.000000000000
 2.1 -2.1  1.5  0.000000000000
 2.1 -2.1  2.1  0.000000000000
 2.1 -1.5 -2.1  0.000000000000
 2.1 -1.5 -1.5  0.000000000000
 2.1 -1.5 -0.9  0.000000000000
 2.1 -1.5 -0.3  0.000000000000
 2.1 -1.5  0.3  0.000000000000
 2.1 -1.5  0.9  0.000000000000
 2.1 -1.5  1.5  0.000000000000
 2.1 -1.5  2.1  0.000000000000
 2.1 -0.9 -2.1  0.000000000000
 2.1 -0.9 -1.5  0.000000000000
 2.1 -0.9 -0.9  0.000000000000
 2.1 -0.9 -0.3  0.000000000000
 2.1 -0.9  0.3  0.000000000000
 2.1 -0.9  0.9  0.000000000000
 2.1 -0.9  1.5  0.000000000000
 2.1 -0.9  2.1  0.000000000000
 2.1 -0.3 -2.1  0.000000000000
 2.1 -0.3 -1.5  0.000000000000
 2.1 -0.3 -0.9  0.000000000000
 2.1 -0.3 -0.3  0.000000000000
 2.1 -0.3  0.3  0.000000000000
 2.1 -0.3  0.9  0.000000000000
 2.1 -0.3  1.5  0.000000000000
 2.1 -0.3  2.1  0.000000000000
 2.1  0.3 -2.1  0.000000000000
 2.1  0.3 -1.5  0.000000000000
 2.1  0.3 -0.9  0.000000000000
 2.1  0.3 -0.3  0.000000000000
 2.1  0.3  0.3  0.000000000000
 2.1  0.3  0.9  0.000000000000
 2.1  0.3  1.5  0.000000000000
 2.1  0.3  2.1  0.000000000000
 2.1  0.9 -2.1  0.000000000000
 2.1  0.9 -1.5  0.000000000000
 2.1  0.9 -0.9  0.000000000000
 2.1  0.9 -0.3  0.000000000000
 2.1  0.9  0.3  0.000000000000
 2.1  0.9  0.9  0.000000000000
 2.1  0.9  1.5  0.000000000000
 2.1  0.9  2.1  0.000000000000
 2.1  1.5 -2.1  0.000000000000
 2.1  1.5 -1.5  0.000000000000
 2.1  1.5 -0.9  0.000000000000
 2.1  1.5 -0.3  0.000000000000
 2.1  1.5  0.3  0.000000000000
 2.1  1.5  0.9  0.000000000000
 2.1  1.5  1.5  0.000000000000
 2.1  1.5  2.1  0.000000000000
 2.1  2.1 -2.1  0.000000000000
 2.1  2.1 -1.5  0.000000000000
 2.1  2.1 -0.9  0.000000000000
 2.1  2.1 -0.3  0.000000000000
 2.1  2.1  0.3  0.000000000000
 2.1  2.1  0.9  0.000000000000
 2.1  2.1  1.5  0.000000000000
 2.1  2.1  2.1  0.000000000000
