  -2.100   -2.100   -2.100       0.000000
  -2.100   -2.100   -1.500       0.000000
  -2.100   -2.100   -0.900       0.000000
  -2.100   -2.100   -0.300       0.000000
  -2.100   -2.100    0.300       0.000000
  -2.100   -2.100    0.900       0.000000
  -2.100   -2.100    1.500       0.000000
  -2.100   -2.100    2.100       0.000000
  -2.100   -1.500   -2.100       0.000000
  -2.100   -1.500   -1.500       0.000000
  -2.100   -1.500   -0.900       0.000000
  -2.100   -1.500   -0.300       0.000000
  -2.100   -1.500    0.300       0.000000
  -2.100   -1.500    0.900       0.000000
  -2.100   -1.500    1.500       0.000000
  -2.100   -1.500    2.100       0.000000
  -2.100   -0.900   -2.100       0.000000
  -2.100   -0.900   -1.500       0.000000
  -2.100   -0.900   -0.900       0.000000
  -2.100   -0.900   -0.300       0.000000
  -2.100   -0.900    0.300       0.000000
  -2.100   -0.900    0.900       0.000000
  -2.100   -0.900    1.500       0.000000
  -2.100   -0.900    2.100       0.000000
  -2.100   -0.300   -2.100       0.000000
  -2.100   -0.300   -1.500       0.000000
  -2.100   -0.300   -0.900       0.000000
  -2.100   -0.300   -0.300       0.000000
  -2.100   -0.300    0.300       0.000000
  -2.100   -0.300    0.900       0.000000
  -2.100   -0.300    1.500       0.000000
  -2.100   -0.300    2.100       0.000000
  -2.100    0.300   -2.100       0.000000
  -2.100    0.300   -1.500       0.000000
  -2.100    0.300   -0.900       0.000000
  -2.100    0.300   -0.300       0.000000
  -2.100    0.300    0.300       0.000000
  -2.100    0.300    0.900       0.000000
  -2.100    0.300    1.500       0.000000
  -2.100    0.300    2.100       0.000000
  -2.100    0.900   -2.100       0.000000
  -2.100    0.900   -1.500       0.000000
  -2.100    0.900   -0.900       0.000000
  -2.100    0.900   -0.300       0.000000
  -2.100    0.900    0.300       0.000000
  -2.100    0.900    0.900       0.000000
  -2.100    0.900    1.500       0.000000
  -2.100    0.900    2.100       0.000000
  -2.100    1.500   -2.100       0.000000
  -2.100    1.500   -1.500       0.000000
  -2.100    1.500   -0.900       0.000000
  -2.100    1.500   -0.300       0.000000
  -2.100    1.500    0.300       0.000000
  -2.100    1.500    0.900       0.000000
  -2.100    1.500    1.500       0.000000
  -2.100    1.500    2.100       0.000000
  -2.100    2.100   -2.100       0.000000
  -2.100    2.100   -1.500       0.000000
  -2.100    2.100   -0.900       0.000000
  -2.100    2.100   -0.300       0.000000
  -2.100    2.100    0.300       0.000000
  -2.100    2.100    0.900       0.000000
  -2.100    2.100    1.500       0.000000
  -2.100    2.100    2.100       0.000000
  -1.500   -2.100   -2.100       0.000000
  -1.500   -2.100   -1.500       0.000000
  -1.500   -2.100   -0.900       0.000000
  -1.500   -2.100   -0.300       0.000000
  -1.500   -2.100    0.300       0.000000
  -1.500   -2.100    0.900       0.000000
  -1.500   -2.100    1.500       0.000000
  -1.500   -2.100    2.100       0.000000
  -1.500   -1.500   -2.100       0.000000
  -1.500   -1.500   -1.500       0.000000
  -1.500   -1.500   -0.900       0.000000
  -1.500   -1.500   -0.300       0.000000
  -1.500   -1.500    0.300      -0.004959
  -1.500   -1.500    0.900      -0.054549
  -1.500   -1.500    1.500       0.000000
  -1.500   -1.500    2.100       0.000000
  -1.500   -0.900   -2.100       0.000000
  -1.500   -0.900   -1.500       0.000000
  -1.500   -0.900   -0.900       0.000000
  -1.500   -0.900   -0.300       0.000000
  -1.500   -0.900    0.300      -0.044631
  -1.500   -0.900    0.900      -0.490941
  -1.500   -0.900    1.500       0.000000
  -1.500   -0.900    2.100       0.000000
  -1.500   -0.300   -2.100       0.000000
  -1.500   -0.300   -1.500       0.000000
  -1.500   -0.300   -0.900       0.000000
  -1.500   -0.300   -0.300       0.000000
  -1.500   -0.300    0.300       0.000000
  -1.500   -0.300    0.900       0.000000
  -1.500   -0.300    1.500       0.000000
  -1.500   -0.300    2.100       0.000000
  -1.500    0.300   -2.100       0.000000
  -1.500    0.300   -1.500       0.000000
  -1.500    0.300   -0.900       0.000000
  -1.500    0.300   -0.300       0.000000
  -1.500    0.300    0.300       0.000000
  -1.500    0.300    0.900       0.000000
  -1.500    0.300    1.500       0.000000
  -1.500    0.300    2.100       0.000000
  -1.500    0.900   -2.100       0.000000
  -1.500    0.900   -1.500       0.000000
  -1.500    0.900   -0.900       0.000000
  -1.500    0.900   -0.300       0.000000
  -1.500    0.900    0.300       0.000000
  -1.500    0.900    0.900       0.000000
  -1.500    0.900    1.500       0.000000
  -1.500    0.900    2.100       0.000000
  -1.500    1.500   -2.100       0.000000
  -1.500    1.500   -1.500       0.000000
  -1.500    1.500   -0.900       0.000000
  -1.500    1.500   -0.300       0.000000
  -1.500    1.500    0.300       0.000000
  -1.500    1.500    0.900       0.000000
  -1.500    1.500    1.500       0.000000
  -1.500    1.500    2.100       0.000000
  -1.500    2.100   -2.100       0.000000
  -1.500    2.100   -1.500       0.000000
  -1.500    2.100   -0.900       0.000000
  -1.500    2.100   -0.300       0.000000
  -1.500    2.100    0.300       0.000000
  -1.500    2.100    0.900       0.000000
  -1.500    2.100    1.500       0.000000
  -1.500    2.100    2.100       0.000000
  -0.900   -2.100   -2.100       0.000000
  -0.900   -2.100   -1.500       0.000000
  -0.900   -2.100   -0.900       0.000000
  -0.900   -2.100   -0.300       0.000000
  -0.900   -2.100    0.300       0.000000
  -0.900   -2.100    0.900       0.000000
  -0.900   -2.100    1.500       0.000000
  -0.900   -2.100    2.100       0.000000
  -0.900   -1.500   -2.100       0.000000
  -0.900   -1.500   -1.500      -0.297990
  -0.900   -1.500   -0.900      -0.221760
  -0.900   -1.500   -0.300       0.000000
  -0.900   -1.500    0.300      -0.000441
  -0.900   -1.500    0.900      -0.004851
  -0.900   -1.500    1.500       0.000000
  -0.900   -1.500    2.100       0.000000
  -0.900   -0.900   -2.100       0.000000
  -0.900   -0.900   -1.500      -0.027090
  -0.900   -0.900   -0.900      -0.020160
  -0.900   -0.900   -0.300       0.087398
  -0.900   -0.900    0.300       0.006284
  -0.900   -0.900    0.900      -0.043659
  -0.900   -0.900    1.500       0.000000
  -0.900   -0.900    2.100       0.000000
  -0.900   -0.300   -2.100       0.000000
  -0.900   -0.300   -1.500       0.000000
  -0.900   -0.300   -0.900       0.000000
  -0.900   -0.300   -0.300       0.061154
  -0.900   -0.300    0.300       0.007174
  -0.900   -0.300    0.900       0.000000
  -0.900   -0.300    1.500       0.000000
  -0.900   -0.300    2.100       0.000000
  -0.900    0.300   -2.100       0.000000
  -0.900    0.300   -1.500       0.000000
  -0.900    0.300   -0.900       0.000000
  -0.900    0.300   -0.300       0.000000
  -0.900    0.300    0.300       0.000000
  -0.900    0.300    0.900       0.000000
  -0.900    0.300    1.500       0.000000
  -0.900    0.300    2.100       0.000000
  -0.900    0.900   -2.100       0.000000
  -0.900    0.900   -1.500       0.000000
  -0.900    0.900   -0.900       0.000000
  -0.900    0.900   -0.300       0.000000
  -0.900    0.900    0.300       0.000000
  -0.900    0.900    0.900       0.000000
  -0.900    0.900    1.500       0.000000
  -0.900    0.900    2.100       0.000000
  -0.900    1.500   -2.100       0.000000
  -0.900    1.500   -1.500       0.000000
  -0.900    1.500   -0.900       0.000000
  -0.900    1.500   -0.300       0.000000
  -0.900    1.500    0.300       0.000000
  -0.900    1.500    0.900       0.000000
  -0.900    1.500    1.500       0.000000
  -0.900    1.500    2.100       0.000000
  -0.900    2.100   -2.100       0.000000
  -0.900    2.100   -1.500       0.000000
  -0.900    2.100   -0.900       0.000000
  -0.900    2.100   -0.300       0.000000
  -0.900    2.100    0.300       0.000000
  -0.900    2.100    0.900       0.000000
  -0.900    2.100    1.500       0.000000
  -0.900    2.100    2.100       0.000000
  -0.300   -2.100   -2.100       0.000000
  -0.300   -2.100   -1.500       0.000000
  -0.300   -2.100   -0.900       0.000000
  -0.300   -2.100   -0.300       0.000000
  -0.300   -2.100    0.300       0.000000
  -0.300   -2.100    0.900       0.000000
  -0.300   -2.100    1.500       0.000000
  -0.300   -2.100    2.100       0.000000
  -0.300   -1.500   -2.100       0.000000
  -0.300   -1.500   -1.500      -0.042570
  -0.300   -1.500   -0.900      -0.031680
  -0.300   -1.500   -0.300       0.000000
  -0.300   -1.500    0.300       0.000000
  -0.300   -1.500    0.900       0.000000
  -0.300   -1.500    1.500       0.000000
  -0.300   -1.500    2.100       0.000000
  -0.300   -0.900   -2.100       0.000000
  -0.300   -0.900   -1.500      -0.003870
  -0.300   -0.900   -0.900      -0.002880
  -0.300   -0.900   -0.300       0.003170
  -0.300   -0.900    0.300       0.000372
  -0.300   -0.900    0.900       0.000000
  -0.300   -0.900    1.500       0.000000
  -0.300   -0.900    2.100       0.000000
  -0.300   -0.300   -2.100       0.000000
  -0.300   -0.300   -1.500       0.000000
  -0.300   -0.300   -0.900       0.000000
  -0.300   -0.300   -0.300       0.002218
  -0.300   -0.300    0.300       0.000260
  -0.300   -0.300    0.900       0.000000
  -0.300   -0.300    1.500       0.000000
  -0.300   -0.300    2.100       0.000000
  -0.300    0.300   -2.100       0.000000
  -0.300    0.300   -1.500       0.000000
  -0.300    0.300   -0.900       0.003059
  -0.300    0.300   -0.300       0.021090
  -0.300    0.300    0.300       0.000000
  -0.300    0.300    0.900       0.000000
  -0.300    0.300    1.500       0.000000
  -0.300    0.300    2.100       0.000000
  -0.300    0.900   -2.100       0.000000
  -0.300    0.900   -1.500       0.000000
  -0.300    0.900   -0.900       0.008631
  -0.300    0.900   -0.300       0.059507
  -0.300    0.900    0.300       0.000000
  -0.300    0.900    0.900       0.000000
  -0.300    0.900    1.500       0.000000
  -0.300    0.900    2.100       0.000000
  -0.300    1.500   -2.100       0.000000
  -0.300    1.500   -1.500       0.000000
  -0.300    1.500   -0.900       0.000000
  -0.300    1.500   -0.300       0.000000
  -0.300    1.500    0.300       0.000000
  -0.300    1.500    0.900       0.000000
  -0.300    1.500    1.500       0.000000
  -0.300    1.500    2.100       0.000000
  -0.300    2.100   -2.100       0.000000
  -0.300    2.100   -1.500       0.000000
  -0.300    2.100   -0.900       0.000000
  -0.300    2.100   -0.300       0.000000
  -0.300    2.100    0.300       0.000000
  -0.300    2.100    0.900       0.000000
  -0.300    2.100    1.500       0.000000
  -0.300    2.100    2.100       0.000000
   0.300   -2.100   -2.100       0.000000
   0.300   -2.100   -1.500       0.000000
   0.300   -2.100   -0.900       0.000000
   0.300   -2.100   -0.300       0.000000
   0.300   -2.100    0.300       0.000000
   0.300   -2.100    0.900       0.000000
   0.300   -2.100    1.500       0.000000
   0.300   -2.100    2.100       0.000000
   0.300   -1.500   -2.100       0.000000
   0.300   -1.500   -1.500       0.000000
   0.300   -1.500   -0.900       0.000000
   0.300   -1.500   -0.300       0.000000
   0.300   -1.500    0.300       0.000000
   0.300   -1.500    0.900       0.000000
   0.300   -1.500    1.500       0.000000
   0.300   -1.500    2.100       0.000000
   0.300   -0.900   -2.100       0.000000
   0.300   -0.900   -1.500       0.000000
   0.300   -0.900   -0.900       0.000000
   0.300   -0.900   -0.300       0.000000
   0.300   -0.900    0.300       0.000000
   0.300   -0.900    0.900       0.000000
   0.300   -0.900    1.500       0.000000
   0.300   -0.900    2.100       0.000000
   0.300   -0.300   -2.100       0.000000
   0.300   -0.300   -1.500       0.000000
   0.300   -0.300   -0.900       0.000000
   0.300   -0.300   -0.300       0.000000
   0.300   -0.300    0.300       0.000000
   0.300   -0.300    0.900       0.000000
   0.300   -0.300    1.500       0.000000
   0.300   -0.300    2.100       0.000000
   0.300    0.300   -2.100       0.000000
   0.300    0.300   -1.500       0.000100
   0.300    0.300   -0.900       0.000563
   0.300    0.300   -0.300       0.003819
   0.300    0.300    0.300       0.000000
   0.300    0.300    0.900       0.000000
   0.300    0.300    1.500       0.000000
   0.300    0.300    2.100       0.000000
   0.300    0.900   -2.100       0.000000
   0.300    0.900   -1.500       0.001098
   0.300    0.900   -0.900       0.001663
   0.300    0.900   -0.300       0.010777
   0.300    0.900    0.300       0.000000
   0.300    0.900    0.900       0.000000
   0.300    0.900    1.500       0.000000
   0.300    0.900    2.100       0.000000
   0.300    1.500   -2.100       0.000000
   0.300    1.500   -1.500       0.000000
   0.300    1.500   -0.900       0.000000
   0.300    1.500   -0.300       0.000000
   0.300    1.500    0.300       0.000000
   0.300    1.500    0.900       0.000000
   0.300    1.500    1.500       0.000000
   0.300    1.500    2.100       0.000000
   0.300    2.100   -2.100       0.000000
   0.300    2.100   -1.500       0.000000
   0.300    2.100   -0.900       0.000000
   0.300    2.100   -0.300       0.000000
   0.300    2.100    0.300       0.000000
   0.300    2.100    0.900       0.000000
   0.300    2.100    1.500       0.000000
   0.300    2.100    2.100       0.000000
   0.900   -2.100   -2.100       0.000000
   0.900   -2.100   -1.500       0.000000
   0.900   -2.100   -0.900       0.000000
   0.900   -2.100   -0.300       0.000000
   0.900   -2.100    0.300       0.000000
   0.900   -2.100    0.900       0.000000
   0.900   -2.100    1.500       0.000000
   0.900   -2.100    2.100       0.000000
   0.900   -1.500   -2.100       0.000000
   0.900   -1.500   -1.500       0.000000
   0.900   -1.500   -0.900       0.000000
   0.900   -1.500   -0.300       0.000000
   0.900   -1.500    0.300       0.000000
   0.900   -1.500    0.900       0.000000
   0.900   -1.500    1.500       0.000000
   0.900   -1.500    2.100       0.000000
   0.900   -0.900   -2.100       0.000000
   0.900   -0.900   -1.500       0.000000
   0.900   -0.900   -0.900       0.000000
   0.900   -0.900   -0.300       0.000000
   0.900   -0.900    0.300       0.000000
   0.900   -0.900    0.900       0.000000
   0.900   -0.900    1.500       0.000000
   0.900   -0.900    2.100       0.000000
   0.900   -0.300   -2.100       0.000000
   0.900   -0.300   -1.500       0.000000
   0.900   -0.300   -0.900       0.000000
   0.900   -0.300   -0.300       0.000000
   0.900   -0.300    0.300       0.000000
   0.900   -0.300    0.900       0.000000
   0.900   -0.300    1.500       0.000000
   0.900   -0.300    2.100       0.000000
   0.900    0.300   -2.100       0.000000
   0.900    0.300   -1.500       0.001122
   0.900    0.300   -0.900       0.000102
   0.900    0.300   -0.300       0.000000
   0.900    0.300    0.300       0.000000
   0.900    0.300    0.900       0.000000
   0.900    0.300    1.500       0.000000
   0.900    0.300    2.100       0.000000
   0.900    0.900   -2.100       0.000000
   0.900    0.900   -1.500       0.012346
   0.900    0.900   -0.900       0.001122
   0.900    0.900   -0.300       0.000000
   0.900    0.900    0.300       0.000000
   0.900    0.900    0.900       0.000000
   0.900    0.900    1.500       0.000000
   0.900    0.900    2.100       0.000000
   0.900    1.500   -2.100       0.000000
   0.900    1.500   -1.500       0.000000
   0.900    1.500   -0.900       0.000000
   0.900    1.500   -0.300       0.000000
   0.900    1.500    0.300       0.000000
   0.900    1.500    0.900       0.000000
   0.900    1.500    1.500       0.000000
   0.900    1.500    2.100       0.000000
   0.900    2.100   -2.100       0.000000
   0.900    2.100   -1.500       0.000000
   0.900    2.100   -0.900       0.000000
   0.900    2.100   -0.300       0.000000
   0.900    2.100    0.300       0.000000
   0.900    2.100    0.900       0.000000
   0.900    2.100    1.500       0.000000
   0.900    2.100    2.100       0.000000
   1.500   -2.100   -2.100       0.000000
   1.500   -2.100   -1.500       0.000000
   1.500   -2.100   -0.900       0.000000
   1.500   -2.100   -0.300       0.000000
   1.500   -2.100    0.300       0.000000
   1.500   -2.100    0.900       0.000000
   1.500   -2.100    1.500       0.000000
   1.500   -2.100    2.100       0.000000
   1.500   -1.500   -2.100       0.000000
   1.500   -1.500   -1.500       0.000000
   1.500   -1.500   -0.900       0.000000
   1.500   -1.500   -0.300       0.000000
   1.500   -1.500    0.300       0.000000
   1.500   -1.500    0.900       0.000000
   1.500   -1.500    1.500       0.000000
   1.500   -1.500    2.100       0.000000
   1.500   -0.900   -2.100       0.000000
   1.500   -0.900   -1.500       0.000000
   1.500   -0.900   -0.900       0.000000
   1.500   -0.900   -0.300       0.000000
   1.500   -0.900    0.300       0.000000
   1.500   -0.900    0.900       0.000000
   1.500   -0.900    1.500       0.000000
   1.500   -0.900    2.100       0.000000
   1.500   -0.300   -2.100       0.000000
   1.500   -0.300   -1.500       0.000000
   1.500   -0.300   -0.900       0.000000
   1.500   -0.300   -0.300       0.000000
   1.500   -0.300    0.300       0.000000
   1.500   -0.300    0.900       0.000000
   1.500   -0.300    1.500       0.000000
   1.500   -0.300    2.100       0.000000
   1.500    0.300   -2.100       0.000000
   1.500    0.300   -1.500       0.000000
   1.500    0.300   -0.900       0.000000
   1.500    0.300   -0.300       0.000000
   1.500    0.300    0.300       0.000000
   1.500    0.300    0.900       0.000000
   1.500    0.300    1.500       0.000000
   1.500    0.300    2.100       0.000000
   1.500    0.900   -2.100       0.000000
   1.500    0.900   -1.500       0.000000
   1.500    0.900   -0.900       0.000000
   1.500    0.900   -0.300       0.000000
   1.500    0.900    0.300       0.000000
   1.500    0.900    0.900       0.000000
   1.500    0.900    1.500       0.000000
   1.500    0.900    2.100       0.000000
   1.500    1.500   -2.100       0.000000
   1.500    1.500   -1.500       0.000000
   1.500    1.500   -0.900       0.000000
   1.500    1.500   -0.300       0.000000
   1.500    1.500    0.300       0.000000
   1.500    1.500    0.900       0.000000
   1.500    1.500    1.500       0.000000
   1.500    1.500    2.100       0.000000
   1.500    2.100   -2.100       0.000000
   1.500    2.100   -1.500       0.000000
   1.500    2.100   -0.900       0.000000
   1.500    2.100   -0.300       0.000000
   1.500    2.100    0.300       0.000000
   1.500    2.100    0.900       0.000000
   1.500    2.100    1.500       0.000000
   1.500    2.100    2.100       0.000000
   2.100   -2.100   -2.100       0.000000
   2.100   -2.100   -1.500       0.000000
   2.100   -2.100   -0.900       0.000000
   2.100   -2.100   -0.300       0.000000
   2.100   -2.100    0.300       0.000000
   2.100   -2.100    0.900       0.000000
   2.100   -2.100    1.500       0.000000
   2.100   -2.100    2.100       0.000000
   2.100   -1.500   -2.100       0.000000
   2.100   -1.500   -1.500       0.000000
   2.100   -1.500   -0.900       0.000000
   2.100   -1.500   -0.300       0.000000
   2.100   -1.500    0.300       0.000000
   2.100   -1.500    0.900       0.000000
   2.100   -1.500    1.500       0.000000
   2.100   -1.500    2.100       0.000000
   2.100   -0.900   -2.100       0.000000
   2.100   -0.900   -1.500       0.000000
   2.100   -0.900   -0.900       0.000000
   2.100   -0.900   -0.300       0.000000
   2.100   -0.900    0.300       0.000000
   2.100   -0.900    0.900       0.000000
   2.100   -0.900    1.500       0.000000
   2.100   -0.900    2.100       0.000000
   2.100   -0.300   -2.100       0.000000
   2.100   -0.300   -1.500       0.000000
   2.100   -0.300   -0.900       0.000000
   2.100   -0.300   -0.300       0.000000
   2.100   -0.300    0.300       0.000000
   2.100   -0.300    0.900       0.000000
   2.100   -0.300    1.500       0.000000
   2.100   -0.300    2.100       0.000000
   2.100    0.300   -2.100       0.000000
   2.100    0.300   -1.500       0.000000
   2.100    0.300   -0.900       0.000000
   2.100    0.300   -0.300       0.000000
   2.100    0.300    0.300       0.000000
   2.100    0.300    0.900       0.000000
   2.100    0.300    1.500       0.000000
   2.100    0.300    2.100       0.000000
   2.100    0.900   -2.100       0.000000
   2.100    0.900   -1.500       0.000000
   2.100    0.900   -0.900       0.000000
   2.100    0.900   -0.300       0.000000
   2.100    0.900    0.300       0.000000
   2.100    0.900    0.900       0.000000
   2.100    0.900    1.500       0.000000
   2.100    0.900    2.100       0.000000
   2.100    1.500   -2.100       0.000000
   2.100    1.500   -1.500       0.000000
   2.100    1.500   -0.900       0.000000
   2.100    1.500   -0.300       0.000000
   2.100    1.500    0.300       0.000000
   2.100    1.500    0.900       0.000000
   2.100    1.500    1.500       0.000000
   2.100    1.500    2.100       0.000000
   2.100    2.100   -2.100       0.000000
   2.100    2.100   -1.500       0.000000
   2.100    2.100   -0.900       0.000000
   2.100    2.100   -0.300       0.000000
   2.100    2.100    0.300       0.000000
   2.100    2.100    0.900       0.000000
   2.100    2.100    1.500       0.000000
   2.100    2.100    2.100       0.000000
