  -2.100   -2.100   -2.100       466.783080
  -2.100   -2.100   -1.500       361.031215
  -2.100   -2.100   -0.900      1627.659561
  -2.100   -2.100   -0.300      4160.100337
  -2.100   -2.100    0.300      3376.481153
  -2.100   -2.100    0.900      2570.136475
  -2.100   -2.100    1.500      5891.306398
  -2.100   -2.100    2.100      6542.157885
  -2.100   -1.500   -2.100      2022.021022
  -2.100   -1.500   -1.500       370.563599
  -2.100   -1.500   -0.900       173.605317
  -2.100   -1.500   -0.300       183.923838
  -2.100   -1.500    0.300       174.276106
  -2.100   -1.500    0.900       255.069852
  -2.100   -1.500    1.500       606.670235
  -2.100   -1.500    2.100      1048.391887
  -2.100   -0.900   -2.100     24465.971915
  -2.100   -0.900   -1.500      1752.567986
  -2.100   -0.900   -0.900       302.906966
  -2.100   -0.900   -0.300       132.212403
  -2.100   -0.900    0.300        54.845655
  -2.100   -0.900    0.900        55.006724
  -2.100   -0.900    1.500       157.257914
  -2.100   -0.900    2.100       400.561541
  -2.100   -0.300   -2.100    117227.717518
  -2.100   -0.300   -1.500      4316.094148
  -2.100   -0.300   -0.900       477.280476
  -2.100   -0.300   -0.300       178.617214
  -2.100   -0.300    0.300        58.725534
  -2.100   -0.300    0.900        50.426174
  -2.100   -0.300    1.500       341.932651
  -2.100   -0.300    2.100      2696.288443
  -2.100    0.300   -2.100     70507.235495
  -2.100    0.300   -1.500      3216.397858
  -2.100    0.300   -0.900       361.539663
  -2.100    0.300   -0.300       128.822896
  -2.100    0.300    0.300        51.892718
  -2.100    0.300    0.900       167.742592
  -2.100    0.300    1.500      3092.682983
  -2.100    0.300    2.100     88527.417751
  -2.100    0.900   -2.100      8043.333936
  -2.100    0.900   -1.500       839.129599
  -2.100    0.900   -0.900       139.677426
  -2.100    0.900   -0.300        54.340212
  -2.100    0.900    0.300        54.360106
  -2.100    0.900    0.900       491.198133
  -2.100    0.900    1.500     17543.672674
  -2.100    0.900    2.100   2792846.159869
  -2.100    1.500   -2.100       585.087268
  -2.100    1.500   -1.500       129.969948
  -2.100    1.500   -0.900        34.328763
  -2.100    1.500   -0.300        32.531249
  -2.100    1.500    0.300       152.144720
  -2.100    1.500    0.900      1186.023661
  -2.100    1.500    1.500     27886.071816
  -2.100    1.500    2.100   6091715.916520
  -2.100    2.100   -2.100        51.583127
  -2.100    2.100   -1.500        20.687256
  -2.100    2.100   -0.900        16.561319
  -2.100    2.100   -0.300       100.528280
  -2.100    2.100    0.300      1071.004048
  -2.100    2.100    0.900     12232.225776
  -2.100    2.100    1.500     97715.323371
  -2.100    2.100    2.100   2270325.365213
  -1.500   -2.100   -2.100       896.579986
  -1.500   -2.100   -1.500       367.449081
  -1.500   -2.100   -0.900      1624.415404
  -1.500   -2.100   -0.300      4232.177721
  -1.500   -2.100    0.300      4057.500461
  -1.500   -2.100    0.900     10354.857444
  -1.500   -2.100    1.500     55904.037827
  -1.500   -2.100    2.100     59256.880411
  -1.500   -1.500   -2.100       615.657341
  -1.500   -1.500   -1.500       108.512560
  -1.500   -1.500   -0.900        88.151162
  -1.500   -1.500   -0.300       147.183077
  -1.500   -1.500    0.300       201.445775
  -1.500   -1.500    0.900       473.464159
  -1.500   -1.500    1.500      1162.469010
  -1.500   -1.500    2.100      1216.211172
  -1.500   -0.900   -2.100      1270.227460
  -1.500   -0.900   -1.500       206.454577
  -1.500   -0.900   -0.900        37.505945
  -1.500   -0.900   -0.300        15.600837
  -1.500   -0.900    0.300        15.398397
  -1.500   -0.900    0.900        35.193109
  -1.500   -0.900    1.500        92.393417
  -1.500   -0.900    2.100       242.268402
  -1.500   -0.300   -2.100      2783.780612
  -1.500   -0.300   -1.500       370.008442
  -1.500   -0.300   -0.900        50.727424
  -1.500   -0.300   -0.300        10.760741
  -1.500   -0.300    0.300         4.245172
  -1.500   -0.300    0.900        32.751654
  -1.500   -0.300    1.500       326.690063
  -1.500   -0.300    2.100      2783.337438
  -1.500    0.300   -2.100      2085.713056
  -1.500    0.300   -1.500       298.837154
  -1.500    0.300   -0.900        41.374321
  -1.500    0.300   -0.300         8.000900
  -1.500    0.300    0.300        10.610059
  -1.500    0.300    0.900       154.149241
  -1.500    0.300    1.500      3057.861724
  -1.500    0.300    2.100     86616.476216
  -1.500    0.900   -2.100       556.221339
  -1.500    0.900   -1.500       109.259042
  -1.500    0.900   -0.900        17.217171
  -1.500    0.900   -0.300         4.308833
  -1.500    0.900    0.300        29.312710
  -1.500    0.900    0.900       463.600645
  -1.500    0.900    1.500     17150.271017
  -1.500    0.900    2.100   2651270.205474
  -1.500    1.500   -2.100        83.930295
  -1.500    1.500   -1.500        21.675669
  -1.500    1.500   -0.900         3.415495
  -1.500    1.500   -0.300        11.030728
  -1.500    1.500    0.300        99.782864
  -1.500    1.500    0.900       947.463129
  -1.500    1.500    1.500     26504.597034
  -1.500    1.500    2.100   5736945.549083
  -1.500    2.100   -2.100        18.620990
  -1.500    2.100   -1.500        10.232501
  -1.500    2.100   -0.900         9.513755
  -1.500    2.100   -0.300        61.266645
  -1.500    2.100    0.300       605.585004
  -1.500    2.100    0.900      5731.772484
  -1.500    2.100    1.500     47735.733533
  -1.500    2.100    2.100   1873582.679842
  -0.900   -2.100   -2.100      2900.382890
  -0.900   -2.100   -1.500       292.914358
  -0.900   -2.100   -0.900       587.412776
  -0.900   -2.100   -0.300      1376.224580
  -0.900   -2.100    0.300      2366.917841
  -0.900   -2.100    0.900     18483.393756
  -0.900   -2.100    1.500    141473.191238
  -0.900   -2.100    2.100    152410.966655
  -0.900   -1.500   -2.100      1869.120438
  -0.900   -1.500   -1.500       104.275181
  -0.900   -1.500   -0.900        43.331110
  -0.900   -1.500   -0.300        78.508370
  -0.900   -1.500    0.300       170.079908
  -0.900   -1.500    0.900       637.830439
  -0.900   -1.500    1.500      1807.328894
  -0.900   -1.500    2.100      1879.391579
  -0.900   -0.900   -2.100       651.743433
  -0.900   -0.900   -1.500        52.246395
  -0.900   -0.900   -0.900         5.055562
  -0.900   -0.900   -0.300         2.484446
  -0.900   -0.900    0.300        10.400766
  -0.900   -0.900    0.900        36.431592
  -0.900   -0.900    1.500        88.271911
  -0.900   -0.900    2.100       184.433453
  -0.900   -0.300   -2.100       213.434233
  -0.900   -0.300   -1.500        36.317583
  -0.900   -0.300   -0.900         2.145091
  -0.900   -0.300   -0.300        -3.633305
  -0.900   -0.300    0.300        -2.141323
  -0.900   -0.300    0.900        16.427123
  -0.900   -0.300    1.500       154.461931
  -0.900   -0.300    2.100      1108.946366
  -0.900    0.300   -2.100       108.268397
  -0.900    0.300   -1.500        24.056627
  -0.900    0.300   -0.900         0.511856
  -0.900    0.300   -0.300        -3.897720
  -0.900    0.300    0.300         1.461881
  -0.900    0.300    0.900        71.329317
  -0.900    0.300    1.500       990.461491
  -0.900    0.300    2.100     13857.595197
  -0.900    0.900   -2.100        38.681023
  -0.900    0.900   -1.500         8.153716
  -0.900    0.900   -0.900        -2.253496
  -0.900    0.900   -0.300        -3.131816
  -0.900    0.900    0.300        11.959961
  -0.900    0.900    0.900       196.838316
  -0.900    0.900    1.500      3922.773773
  -0.900    0.900    2.100    128287.520518
  -0.900    1.500   -2.100         6.579713
  -0.900    1.500   -1.500        -0.647083
  -0.900    1.500   -0.900        -3.250618
  -0.900    1.500   -0.300         1.481611
  -0.900    1.500    0.300        40.656361
  -0.900    1.500    0.900       368.892473
  -0.900    1.500    1.500      5908.711589
  -0.900    1.500    2.100    207969.253537
  -0.900    2.100   -2.100         9.042751
  -0.900    2.100   -1.500         6.324886
  -0.900    2.100   -0.900         4.922502
  -0.900    2.100   -0.300        23.099894
  -0.900    2.100    0.300       178.442752
  -0.900    2.100    0.900      1210.751527
  -0.900    2.100    1.500      8740.265414
  -0.900    2.100    2.100    143143.835201
  -0.300   -2.100   -2.100      5677.352269
  -0.300   -2.100   -1.500       279.182890
  -0.300   -2.100   -0.900       133.110049
  -0.300   -2.100   -0.300       289.015008
  -0.300   -2.100    0.300       926.131555
  -0.300   -2.100    0.900      7401.761470
  -0.300   -2.100    1.500     40624.014441
  -0.300   -2.100    2.100     43145.089643
  -0.300   -1.500   -2.100      3576.851131
  -0.300   -1.500   -1.500       131.977492
  -0.300   -1.500   -0.900        19.905706
  -0.300   -1.500   -0.300        35.154868
  -0.300   -1.500    0.300       107.179298
  -0.300   -1.500    0.900       398.352969
  -0.300   -1.500    1.500      1012.905693
  -0.300   -1.500    2.100      1067.013288
  -0.300   -0.900   -2.100      1028.480610
  -0.300   -0.900   -1.500        49.604564
  -0.300   -0.900   -0.900         0.979288
  -0.300   -0.900   -0.300         1.163987
  -0.300   -0.900    0.300        11.746298
  -0.300   -0.900    0.900        38.391987
  -0.300   -0.900    1.500        81.012720
  -0.300   -0.900    2.100       128.569261
  -0.300   -0.300   -2.100       153.578915
  -0.300   -0.300   -1.500        10.798948
  -0.300   -0.300   -0.900        -3.579496
  -0.300   -0.300   -0.300        -4.546038
  -0.300   -0.300    0.300        -1.964405
  -0.300   -0.300    0.900         8.273241
  -0.300   -0.300    1.500        52.743793
  -0.300   -0.300    2.100       291.034353
  -0.300    0.300   -2.100        19.068147
  -0.300    0.300   -1.500        -0.525463
  -0.300    0.300   -0.900        -4.771728
  -0.300    0.300   -0.300        -5.330370
  -0.300    0.300    0.300        -2.771743
  -0.300    0.300    0.900        18.056182
  -0.300    0.300    1.500       181.192425
  -0.300    0.300    2.100      1402.283113
  -0.300    0.900   -2.100         0.157969
  -0.300    0.900   -1.500        -3.713182
  -0.300    0.900   -0.900        -5.147168
  -0.300    0.900   -0.300        -4.951066
  -0.300    0.900    0.300         0.400878
  -0.300    0.900    0.900        46.054011
  -0.300    0.900    1.500       481.754945
  -0.300    0.900    2.100      4579.622229
  -0.300    1.500   -2.100        -3.386334
  -0.300    1.500   -1.500        -4.381013
  -0.300    1.500   -0.900        -4.811605
  -0.300    1.500   -0.300        -3.275966
  -0.300    1.500    0.300         8.301155
  -0.300    1.500    0.900        84.558699
  -0.300    1.500    1.500       717.201579
  -0.300    1.500    2.100      6284.740183
  -0.300    2.100   -2.100         3.127561
  -0.300    2.100   -1.500         2.025904
  -0.300    2.100   -0.900         0.631274
  -0.300    2.100   -0.300         4.196971
  -0.300    2.100    0.300        34.535501
  -0.300    2.100    0.900       191.062668
  -0.300    2.100    1.500      1038.720461
  -0.300    2.100    2.100      6757.866589
   0.300   -2.100   -2.100      3694.845992
   0.300   -2.100   -1.500       211.046669
   0.300   -2.100   -0.900        90.738358
   0.300   -2.100   -0.300       264.578216
   0.300   -2.100    0.300       744.126997
   0.300   -2.100    0.900      2021.752959
   0.300   -2.100    1.500      5145.636270
   0.300   -2.100    2.100      5710.596718
   0.300   -1.500   -2.100      2000.948717
   0.300   -1.500   -1.500       101.792993
   0.300   -1.500   -0.900        36.523199
   0.300   -1.500   -0.300        95.758888
   0.300   -1.500    0.300       247.998545
   0.300   -1.500    0.900       627.676431
   0.300   -1.500    1.500      1488.537480
   0.300   -1.500    2.100      1905.426885
   0.300   -0.900   -2.100       618.316899
   0.300   -0.900   -1.500        37.576003
   0.300   -0.900   -0.900         8.598139
   0.300   -0.900   -0.300        23.358636
   0.300   -0.900    0.300        65.575166
   0.300   -0.900    0.900       183.799250
   0.300   -0.900    1.500       429.732517
   0.300   -0.900    2.100       556.865988
   0.300   -0.300   -2.100       101.020751
   0.300   -0.300   -1.500         6.443671
   0.300   -0.300   -0.900        -2.035965
   0.300   -0.300   -0.300         0.866802
   0.300   -0.300    0.300        10.851935
   0.300   -0.300    0.900        37.567552
   0.300   -0.300    1.500        88.594807
   0.300   -0.300    2.100       153.827130
   0.300    0.300   -2.100         9.668488
   0.300    0.300   -1.500        -2.887303
   0.300    0.300   -0.900        -4.881994
   0.300    0.300   -0.300        -4.464307
   0.300    0.300    0.300        -2.072090
   0.300    0.300    0.900         6.405207
   0.300    0.300    1.500        37.986357
   0.300    0.300    2.100       185.178828
   0.300    0.900   -2.100        -3.027798
   0.300    0.900   -1.500        -4.882667
   0.300    0.900   -0.900        -5.379755
   0.300    0.900   -0.300        -5.301679
   0.300    0.900    0.300        -3.809675
   0.300    0.900    0.900         5.379439
   0.300    0.900    1.500        57.177581
   0.300    0.900    2.100       332.210879
   0.300    1.500   -2.100        -4.617624
   0.300    1.500   -1.500        -4.999765
   0.300    1.500   -0.900        -5.209778
   0.300    1.500   -0.300        -4.986081
   0.300    1.500    0.300        -2.533340
   0.300    1.500    0.900        11.197321
   0.300    1.500    1.500        81.814469
   0.300    1.500    2.100       403.426783
   0.300    2.100   -2.100        -0.986295
   0.300    2.100   -1.500        -1.397136
   0.300    2.100   -0.900        -2.251235
   0.300    2.100   -0.300        -2.308165
   0.300    2.100    0.300         2.130173
   0.300    2.100    0.900        24.096127
   0.300    2.100    1.500       114.435227
   0.300    2.100    2.100       464.623274
   0.900   -2.100   -2.100      1017.978128
   0.900   -2.100   -1.500       216.390083
   0.900   -2.100   -0.900       724.290803
   0.900   -2.100   -0.300      3482.574286
   0.900   -2.100    0.300     13612.137368
   0.900   -2.100    0.900     25646.828719
   0.900   -2.100    1.500     78100.012163
   0.900   -2.100    2.100    140494.654870
   0.900   -1.500   -2.100       519.389369
   0.900   -1.500   -1.500       121.282634
   0.900   -1.500   -0.900       335.760790
   0.900   -1.500   -0.300      1047.661800
   0.900   -1.500    0.300      2843.582305
   0.900   -1.500    0.900      9056.098551
   0.900   -1.500    1.500     48069.850618
   0.900   -1.500    2.100     86526.828604
   0.900   -0.900   -2.100       215.446878
   0.900   -0.900   -1.500        45.589127
   0.900   -0.900   -0.900        86.153891
   0.900   -0.900   -0.300       209.884275
   0.900   -0.900    0.300       499.131134
   0.900   -0.900    0.900      1868.637405
   0.900   -0.900    1.500      7410.941722
   0.900   -0.900    2.100     11349.118314
   0.900   -0.300   -2.100        60.567545
   0.900   -0.300   -1.500        10.485636
   0.900   -0.300   -0.900        12.141426
   0.900   -0.300   -0.300        30.690797
   0.900   -0.300    0.300        78.303973
   0.900   -0.300    0.900       254.216419
   0.900   -0.300    1.500       685.778766
   0.900   -0.300    2.100       916.557289
   0.900    0.300   -2.100        12.044858
   0.900    0.300   -1.500        -1.110315
   0.900    0.300   -0.900        -2.634960
   0.900    0.300   -0.300        -0.176386
   0.900    0.300    0.300         7.000920
   0.900    0.300    0.900        26.924538
   0.900    0.300    1.500        63.201859
   0.900    0.300    2.100        95.530211
   0.900    0.900   -2.100        -0.555617
   0.900    0.900   -1.500        -4.259204
   0.900    0.900   -0.900        -5.047803
   0.900    0.900   -0.300        -4.872012
   0.900    0.900    0.300        -3.815493
   0.900    0.900    0.900        -0.429364
   0.900    0.900    1.500         9.197257
   0.900    0.900    2.100        40.042013
   0.900    1.500   -2.100        -3.857136
   0.900    1.500   -1.500        -4.945596
   0.900    1.500   -0.900        -5.294212
   0.900    1.500   -0.300        -5.398489
   0.900    1.500    0.300        -5.038092
   0.900    1.500    0.900        -2.753486
   0.900    1.500    1.500         6.749560
   0.900    1.500    2.100        41.086953
   0.900    2.100   -2.100        -2.875418
   0.900    2.100   -1.500        -3.196645
   0.900    2.100   -0.900        -3.762754
   0.900    2.100   -0.300        -4.332690
   0.900    2.100    0.300        -4.130402
   0.900    2.100    0.900        -1.068252
   0.900    2.100    1.500        10.837781
   0.900    2.100    2.100        49.494124
   1.500   -2.100   -2.100       589.065171
   1.500   -2.100   -1.500      1718.913003
   1.500   -2.100   -0.900     16857.987728
   1.500   -2.100   -0.300     98212.529894
   1.500   -2.100    0.300    893649.783988
   1.500   -2.100    0.900   1807454.690861
   1.500   -2.100    1.500  15047507.163775
   1.500   -2.100    2.100  84154415.470590
   1.500   -1.500   -2.100       753.982660
   1.500   -1.500   -1.500       937.140759
   1.500   -1.500   -0.900      6580.336105
   1.500   -1.500   -0.300     20937.206415
   1.500   -1.500    0.300     45526.278735
   1.500   -1.500    0.900    181102.618695
   1.500   -1.500    1.500   5501287.986097
   1.500   -1.500    2.100  23029998.312691
   1.500   -0.900   -2.100       587.525894
   1.500   -0.900   -1.500       252.734496
   1.500   -0.900   -0.900       926.119862
   1.500   -0.900   -0.300      2118.816259
   1.500   -0.900    0.300      3370.233176
   1.500   -0.900    0.900     17142.370117
   1.500   -0.900    1.500    159963.018064
   1.500   -0.900    2.100    338187.307082
   1.500   -0.300   -2.100       237.526937
   1.500   -0.300   -1.500        56.417756
   1.500   -0.300   -0.900        93.440730
   1.500   -0.300   -0.300       182.214309
   1.500   -0.300    0.300       331.476667
   1.500   -0.300    0.900      1220.518351
   1.500   -0.300    1.500      4601.539970
   1.500   -0.300    2.100      6848.867562
   1.500    0.300   -2.100        66.438715
   1.500    0.300   -1.500        10.385200
   1.500    0.300   -0.900         5.856224
   1.500    0.300   -0.300        13.294897
   1.500    0.300    0.300        31.411024
   1.500    0.300    0.900        92.726929
   1.500    0.300    1.500       220.633687
   1.500    0.300    2.100       282.452051
   1.500    0.900   -2.100        16.263266
   1.500    0.900   -1.500        -0.976388
   1.500    0.900   -0.900        -3.939765
   1.500    0.900   -0.300        -3.603385
   1.500    0.900    0.300        -1.598600
   1.500    0.900    0.900         3.583054
   1.500    0.900    1.500        12.208770
   1.500    0.900    2.100        20.776459
   1.500    1.500   -2.100         1.336876
   1.500    1.500   -1.500        -3.776491
   1.500    1.500   -0.900        -4.981015
   1.500    1.500   -0.300        -5.303858
   1.500    1.500    0.300        -5.208702
   1.500    1.500    0.900        -4.268233
   1.500    1.500    1.500        -0.785634
   1.500    1.500    2.100        12.934343
   1.500    2.100   -2.100        -1.944109
   1.500    2.100   -1.500        -3.110264
   1.500    2.100   -0.900        -3.955595
   1.500    2.100   -0.300        -4.707579
   1.500    2.100    0.300        -4.787238
   1.500    2.100    0.900        -2.845178
   1.500    2.100    1.500         5.078298
   1.500    2.100    2.100        37.734314
   2.100   -2.100   -2.100      2980.720263
   2.100   -2.100   -1.500     27620.329953
   2.100   -2.100   -0.900   1804945.166415
   2.100   -2.100   -0.300  26682696.179431
   2.100   -2.100    0.300 109932996.180307
   2.100   -2.100    0.900 449495018.065643
   2.100   -2.100    1.500 9748368735.327068
   2.100   -2.100    2.100 31345024003092.871094
   2.100   -1.500   -2.100      6319.111793
   2.100   -1.500   -1.500     10793.839054
   2.100   -1.500   -0.900    301626.672504
   2.100   -1.500   -0.300   1960688.390206
   2.100   -1.500    0.300    781151.561477
   2.100   -1.500    0.900   1738276.722683
   2.100   -1.500    1.500 753220399.771325
   2.100   -1.500    2.100 39350696439.958740
   2.100   -0.900   -2.100      5053.597074
   2.100   -0.900   -1.500      1518.152745
   2.100   -0.900   -0.900     10929.670372
   2.100   -0.900   -0.300     30594.266961
   2.100   -0.900    0.300     20322.564346
   2.100   -0.900    0.900     70705.131605
   2.100   -0.900    1.500   1482627.156309
   2.100   -0.900    2.100   4557779.131656
   2.100   -0.300   -2.100      1499.672584
   2.100   -0.300   -1.500       228.924891
   2.100   -0.300   -0.900       457.267064
   2.100   -0.300   -0.300       869.383688
   2.100   -0.300    0.300       970.609852
   2.100   -0.300    0.900      2998.392299
   2.100   -0.300    1.500     14275.796758
   2.100   -0.300    2.100     23220.191268
   2.100    0.300   -2.100       322.462115
   2.100    0.300   -1.500        44.933440
   2.100    0.300   -0.900        27.381419
   2.100    0.300   -0.300        44.186036
   2.100    0.300    0.300        69.093225
   2.100    0.300    0.900       175.170906
   2.100    0.300    1.500       437.986344
   2.100    0.300    2.100       571.248490
   2.100    0.900   -2.100        84.741998
   2.100    0.900   -1.500         8.910664
   2.100    0.900   -0.900        -1.131133
   2.100    0.900   -0.300        -1.310356
   2.100    0.900    0.300         1.294968
   2.100    0.900    0.900         8.904124
   2.100    0.900    1.500        22.240421
   2.100    0.900    2.100        35.324465
   2.100    1.500   -2.100        22.534235
   2.100    1.500   -1.500         2.428573
   2.100    1.500   -0.900        -2.157814
   2.100    1.500   -0.300        -4.058107
   2.100    1.500    0.300        -4.542260
   2.100    1.500    0.900        -3.167350
   2.100    1.500    1.500         3.611272
   2.100    1.500    2.100        43.731102
   2.100    2.100   -2.100        10.973237
   2.100    2.100   -1.500         7.408140
   2.100    2.100   -0.900         2.713212
   2.100    2.100   -0.300        -1.616352
   2.100    2.100    0.300        -2.787790
   2.100    2.100    0.900         2.396088
   2.100    2.100    1.500        26.558316
   2.100    2.100    2.100       167.444868
