-2.1 -2.1  -2.1   0.000415206904
-2.1 -2.1  -1.5   0.000015278222
-2.1 -2.1  -0.9   0.010475214562
-2.1 -2.1  -0.3   0.012805428283
-2.1 -2.1   0.3   0.002627442754
-2.1 -2.1   0.9   0.001306136081
-2.1 -2.1   1.5   0.001083030294
-2.1 -2.1   2.1   0.000877066807
-2.1 -1.5  -2.1  -0.000870422578
-2.1 -1.5  -1.5  -0.007576919712
-2.1 -1.5  -0.9  -0.022070674326
-2.1 -1.5  -0.3  -0.005177607320
-2.1 -1.5   0.3   0.000027520242
-2.1 -1.5   0.9   0.000659354662
-2.1 -1.5   1.5   0.000683903280
-2.1 -1.5   2.1   0.000468130901
-2.1 -0.9  -2.1  -0.000375592198
-2.1 -0.9  -1.5  -0.004095665823
-2.1 -0.9  -0.9  -0.015608813103
-2.1 -0.9  -0.3  -0.006007571513
-2.1 -0.9   0.3  -0.000839121405
-2.1 -0.9   0.9   0.000209388197
-2.1 -0.9   1.5   0.000353720437
-2.1 -0.9   2.1   0.000200538598
-2.1 -0.3  -2.1   0.000223638728
-2.1 -0.3  -1.5   0.004952243391
-2.1 -0.3  -0.9   0.010427238758
-2.1 -0.3  -0.3   0.000444273543
-2.1 -0.3   0.3  -0.000310020312
-2.1 -0.3   0.9   0.000023911520
-2.1 -0.3   1.5   0.000112710608
-2.1 -0.3   2.1  -0.000012685038
-2.1  0.3  -2.1  -0.002530367282
-2.1  0.3  -1.5  -0.008316933525
-2.1  0.3  -0.9  -0.009257147423
-2.1  0.3  -0.3  -0.002731400977
-2.1  0.3   0.3  -0.000804018818
-2.1  0.3   0.9  -0.000193376009
-2.1  0.3   1.5  -0.000065493420
-2.1  0.3   2.1  -0.000212423010
-2.1  0.9  -2.1  -0.005229661251
-2.1  0.9  -1.5  -0.030743442692
-2.1  0.9  -0.9  -0.034719286356
-2.1  0.9  -0.3  -0.006733057735
-2.1  0.9   0.3  -0.001412063582
-2.1  0.9   0.9  -0.000282252174
-2.1  0.9   1.5  -0.000060819510
-2.1  0.9   2.1  -0.000274216396
-2.1  1.5  -2.1  -0.003655408607
-2.1  1.5  -1.5  -0.009925103788
-2.1  1.5  -0.9  -0.011209220897
-2.1  1.5  -0.3  -0.003998778182
-2.1  1.5   0.3  -0.000904690860
-2.1  1.5   0.9   0.000103242311
-2.1  1.5   1.5   0.000414161159
-2.1  1.5   2.1   0.000201342002
-2.1  2.1  -2.1  -0.001650489254
-2.1  2.1  -1.5  -0.002762269894
-2.1  2.1  -0.9  -0.002681836071
-2.1  2.1  -0.3  -0.001220202375
-2.1  2.1   0.3   0.000092901519
-2.1  2.1   0.9   0.001034246919
-2.1  2.1   1.5   0.001757044827
-2.1  2.1   2.1   0.001800619267
-1.5 -2.1  -2.1   0.000028221225
-1.5 -2.1  -1.5  -0.000912307230
-1.5 -2.1  -0.9   0.022511003064
-1.5 -2.1  -0.3   0.026080312007
-1.5 -2.1   0.3   0.002860973006
-1.5 -2.1   0.9   0.001325054620
-1.5 -2.1   1.5   0.001096719414
-1.5 -2.1   2.1   0.000841574670
-1.5 -1.5  -2.1  -0.001740909733
-1.5 -1.5  -1.5  -0.015421485541
-1.5 -1.5  -0.9  -0.034719286356
-1.5 -1.5  -0.3  -0.012062701504
-1.5 -1.5   0.3  -0.000511501192
-1.5 -1.5   0.9   0.000603145179
-1.5 -1.5   1.5   0.000736313779
-1.5 -1.5   2.1   0.000555444004
-1.5 -0.9  -2.1  -0.001691634733
-1.5 -0.9  -1.5  -0.012944100584
-1.5 -0.9  -0.9  -0.034719286356
-1.5 -0.9  -0.3  -0.013430938237
-1.5 -0.9   0.3  -0.001673783812
-1.5 -0.9   0.9   0.000082265613
-1.5 -0.9   1.5   0.000375168276
-1.5 -0.9   2.1   0.000262385452
-1.5 -0.3  -2.1  -0.000919876382
-1.5 -0.3  -1.5  -0.002467179222
-1.5 -0.3  -0.9  -0.004482088355
-1.5 -0.3  -0.3  -0.002869642759
-1.5 -0.3   0.3  -0.000887797844
-1.5 -0.3   0.9  -0.000080266129
-1.5 -0.3   1.5   0.000108720320
-1.5 -0.3   2.1  -0.000031796270
-1.5  0.3  -2.1  -0.001727056738
-1.5  0.3  -1.5  -0.003448512213
-1.5  0.3  -0.9  -0.003757614547
-1.5  0.3  -0.3  -0.002084698718
-1.5  0.3   0.3  -0.000788858294
-1.5  0.3   0.9  -0.000182934184
-1.5  0.3   1.5  -0.000076549430
-1.5  0.3   2.1  -0.000406619436
-1.5  0.9  -2.1  -0.002674172483
-1.5  0.9  -1.5  -0.005915983772
-1.5  0.9  -0.9  -0.006447526324
-1.5  0.9  -0.3  -0.003001513900
-1.5  0.9   0.3  -0.000966568614
-1.5  0.9   0.9  -0.000189294410
-1.5  0.9   1.5  -0.000120677990
-1.5  0.9   2.1  -0.000875885310
-1.5  1.5  -2.1  -0.002184029207
-1.5  1.5  -1.5  -0.004008800252
-1.5  1.5  -0.9  -0.004183139329
-1.5  1.5  -0.3  -0.002205386776
-1.5  1.5   0.3  -0.000653452383
-1.5  1.5   0.9   0.000101547316
-1.5  1.5   1.5   0.000185216283
-1.5  1.5   2.1  -0.000903712124
-1.5  2.1  -2.1  -0.001237227324
-1.5  2.1  -1.5  -0.001855381303
-1.5  2.1  -0.9  -0.001792455721
-1.5  2.1  -0.3  -0.000960948256
-1.5  2.1   0.3  -0.000012510053
-1.5  2.1   0.9   0.000764313147
-1.5  2.1   1.5   0.001181774375
-1.5  2.1   2.1   0.000582250765
-0.9 -2.1  -2.1   0.000445860562
-0.9 -2.1  -1.5   0.000074718335
-0.9 -2.1  -0.9   0.001539952420
-0.9 -2.1  -0.3   0.002701008408
-0.9 -2.1   0.3   0.001682296981
-0.9 -2.1   0.9   0.001545461677
-0.9 -2.1   1.5   0.001645227893
-0.9 -2.1   2.1   0.001374265389
-0.9 -1.5  -2.1  -0.000048834759
-0.9 -1.5  -1.5  -0.000829235088
-0.9 -1.5  -0.9  -0.001805150828
-0.9 -1.5  -0.3  -0.001320352587
-0.9 -1.5   0.3   0.000383313073
-0.9 -1.5   0.9   0.000980306341
-0.9 -1.5   1.5   0.001183115233
-0.9 -1.5   2.1   0.000977639206
-0.9 -0.9  -2.1   0.000190861638
-0.9 -0.9  -1.5   0.005447984804
-0.9 -0.9  -0.9   0.034719286356
-0.9 -0.9  -0.3   0.000452708941
-0.9 -0.9   0.3  -0.000113104672
-0.9 -0.9   0.9   0.000471715320
-0.9 -0.9   1.5   0.000659791430
-0.9 -0.9   2.1   0.000507976490
-0.9 -0.3  -2.1   0.000018296717
-0.9 -0.3  -1.5   0.001398575486
-0.9 -0.3  -0.9   0.003177559430
-0.9 -0.3  -0.3   0.000349804448
-0.9 -0.3   0.3  -0.000064874028
-0.9 -0.3   0.9   0.000211351573
-0.9 -0.3   1.5   0.000306402910
-0.9 -0.3   2.1   0.000107978369
-0.9  0.3  -2.1  -0.000621225247
-0.9  0.3  -1.5  -0.000787152536
-0.9  0.3  -0.9  -0.000710985018
-0.9  0.3  -0.3  -0.000542643697
-0.9  0.3   0.3  -0.000211684530
-0.9  0.3   0.9   0.000092517177
-0.9  0.3   1.5   0.000144332934
-0.9  0.3   2.1  -0.000334916818
-0.9  0.9  -2.1  -0.001075104575
-0.9  0.9  -1.5  -0.001625349019
-0.9  0.9  -0.9  -0.001629271604
-0.9  0.9  -0.3  -0.000999044340
-0.9  0.9   0.3  -0.000327071301
-0.9  0.9   0.9   0.000119630856
-0.9  0.9   1.5   0.000206552326
-0.9  0.9   2.1  -0.000988769167
-0.9  1.5  -2.1  -0.001042508026
-0.9  1.5  -1.5  -0.001487132581
-0.9  1.5  -0.9  -0.001452999704
-0.9  1.5  -0.3  -0.000871469711
-0.9  1.5   0.3  -0.000197146524
-0.9  1.5   0.9   0.000313739790
-0.9  1.5   1.5   0.000460512795
-0.9  1.5   2.1  -0.001558207474
-0.9  2.1  -2.1  -0.000756590189
-0.9  2.1  -1.5  -0.000996669541
-0.9  2.1  -0.9  -0.000910030339
-0.9  2.1  -0.3  -0.000472833975
-0.9  2.1   0.3   0.000102889216
-0.9  2.1   0.9   0.000639574737
-0.9  2.1   1.5   0.000849078202
-0.9  2.1   2.1  -0.000719070098
-0.3 -2.1  -2.1   0.001239536851
-0.3 -2.1  -1.5   0.001224261407
-0.3 -2.1  -0.9   0.001119163697
-0.3 -2.1  -0.3   0.000961961712
-0.3 -2.1   0.3   0.001396956873
-0.3 -2.1   0.9   0.002543225222
-0.3 -2.1   1.5   0.003824863027
-0.3 -2.1   2.1   0.003379923568
-0.3 -1.5  -2.1   0.001169733379
-0.3 -1.5  -1.5   0.003614815511
-0.3 -1.5  -0.9   0.006765889334
-0.3 -1.5  -0.3   0.002338246028
-0.3 -1.5   0.3   0.001241222473
-0.3 -1.5   0.9   0.001796785911
-0.3 -1.5   1.5   0.002455263910
-0.3 -1.5   2.1   0.002102309381
-0.3 -0.9  -2.1   0.001374364339
-0.3 -0.9  -1.5   0.008373203072
-0.3 -0.9  -0.9   0.030252995276
-0.3 -0.9  -0.3   0.004498551894
-0.3 -0.9   0.3   0.001091555615
-0.3 -0.9   0.9   0.001035826646
-0.3 -0.9   1.5   0.001207913831
-0.3 -0.9   2.1   0.000960779520
-0.3 -0.3  -2.1   0.000765909193
-0.3 -0.3  -1.5   0.002985119106
-0.3 -0.3  -0.9   0.005190531574
-0.3 -0.3  -0.3   0.002052100432
-0.3 -0.3   0.3   0.000695112402
-0.3 -0.3   0.9   0.000597657101
-0.3 -0.3   1.5   0.000638209575
-0.3 -0.3   2.1   0.000431500665
-0.3  0.3  -2.1   0.000044936478
-0.3  0.3  -1.5   0.000359872000
-0.3  0.3  -0.9   0.000589398771
-0.3  0.3  -0.3   0.000395264840
-0.3  0.3   0.3   0.000306901479
-0.3  0.3   0.9   0.000452163848
-0.3  0.3   1.5   0.000631559095
-0.3  0.3   2.1   0.000439774965
-0.3  0.9  -2.1  -0.000343422002
-0.3  0.9  -1.5  -0.000392168227
-0.3  0.9  -0.9  -0.000318201565
-0.3  0.9  -0.3  -0.000131762122
-0.3  0.9   0.3   0.000149436322
-0.3  0.9   0.9   0.000561068528
-0.3  0.9   1.5   0.001348877605
-0.3  0.9   2.1   0.002558469072
-0.3  1.5  -2.1  -0.000456570420
-0.3  1.5  -1.5  -0.000545365689
-0.3  1.5  -0.9  -0.000469560641
-0.3  1.5  -0.3  -0.000211289772
-0.3  1.5   0.3   0.000172321192
-0.3  1.5   0.9   0.000742158771
-0.3  1.5   1.5   0.002250525668
-0.3  1.5   2.1   0.009934440151
-0.3  2.1  -2.1  -0.000441456073
-0.3  2.1  -1.5  -0.000493458273
-0.3  2.1  -0.9  -0.000389664272
-0.3  2.1  -0.3  -0.000121452577
-0.3  2.1   0.3   0.000264367576
-0.3  2.1   0.9   0.000776185060
-0.3  2.1   1.5   0.001636183866
-0.3  2.1   2.1   0.002700008840
 0.3 -2.1  -2.1   0.002107233618
 0.3 -2.1  -1.5   0.001159689089
 0.3 -2.1  -0.9  -0.000723756507
 0.3 -2.1  -0.3  -0.001078000511
 0.3 -2.1   0.3   0.001130583217
 0.3 -2.1   0.9   0.005159589399
 0.3 -2.1   1.5   0.015120673478
 0.3 -2.1   2.1   0.013678665553
 0.3 -1.5  -2.1   0.001034545158
 0.3 -1.5  -1.5   0.001397506827
 0.3 -1.5  -0.9   0.001344865792
 0.3 -1.5  -0.3   0.000679992500
 0.3 -1.5   0.3   0.001178881216
 0.3 -1.5   0.9   0.002993968705
 0.3 -1.5   1.5   0.005626823154
 0.3 -1.5   2.1   0.004739708238
 0.3 -0.9  -2.1   0.000938326905
 0.3 -0.9  -1.5   0.002113303938
 0.3 -0.9  -0.9   0.002905146354
 0.3 -0.9  -0.3   0.001602473175
 0.3 -0.9   0.3   0.001035856852
 0.3 -0.9   0.9   0.001414884177
 0.3 -0.9   1.5   0.001837309220
 0.3 -0.9   2.1   0.001389755399
 0.3 -0.3  -2.1   0.000619237568
 0.3 -0.3  -1.5   0.001325267449
 0.3 -0.3  -0.9   0.001738117955
 0.3 -0.3  -0.3   0.001140961159
 0.3 -0.3   0.3   0.000727039216
 0.3 -0.3   0.9   0.000766048417
 0.3 -0.3   1.5   0.000860776865
 0.3 -0.3   2.1   0.000677065317
 0.3  0.3  -2.1   0.000214706150
 0.3  0.3  -1.5   0.000426886819
 0.3  0.3  -0.9   0.000557342107
 0.3  0.3  -0.3   0.000486339778
 0.3  0.3   0.3   0.000462757050
 0.3  0.3   0.9   0.000631468825
 0.3  0.3   1.5   0.000957244750
 0.3  0.3   2.1   0.001166183679
 0.3  0.9  -2.1  -0.000048141415
 0.3  0.9  -1.5  -0.000005045754
 0.3  0.9  -0.9   0.000069399687
 0.3  0.9  -0.3   0.000171655971
 0.3  0.9   0.3   0.000365033022
 0.3  0.9   0.9   0.000808771541
 0.3  0.9   1.5   0.002096503275
 0.3  0.9   2.1   0.005920446936
 0.3  1.5  -2.1  -0.000175716044
 0.3  1.5  -1.5  -0.000165180130
 0.3  1.5  -0.9  -0.000084809148
 0.3  1.5  -0.3   0.000079471752
 0.3  1.5   0.3   0.000366375269
 0.3  1.5   0.9   0.000996668152
 0.3  1.5   1.5   0.003453514220
 0.3  1.5   2.1   0.030259917954
 0.3  2.1  -2.1  -0.000248630017
 0.3  2.1  -1.5  -0.000217325026
 0.3  2.1  -0.9  -0.000109883417
 0.3  2.1  -0.3   0.000080506387
 0.3  2.1   0.3   0.000372696610
 0.3  2.1   0.9   0.000893885871
 0.3  2.1   1.5   0.002287007999
 0.3  2.1   2.1   0.006787278845
 0.9 -2.1  -2.1   0.001520228741
 0.9 -2.1  -1.5  -0.000704419948
 0.9 -2.1  -0.9  -0.006368273998
 0.9 -2.1  -0.3  -0.008297144920
 0.9 -2.1   0.3  -0.000095943623
 0.9 -2.1   0.9   0.007878425813
 0.9 -2.1   1.5   0.034719286356
 0.9 -2.1   2.1   0.034719286356
 0.9 -1.5  -2.1   0.000471867043
 0.9 -1.5  -1.5  -0.000189392665
 0.9 -1.5  -0.9  -0.001326593726
 0.9 -1.5  -0.3  -0.001446717596
 0.9 -1.5   0.3   0.000458328952
 0.9 -1.5   0.9   0.003485122659
 0.9 -1.5   1.5   0.008108365050
 0.9 -1.5   2.1   0.005640440405
 0.9 -0.9  -2.1   0.000401404252
 0.9 -0.9  -1.5   0.000384437631
 0.9 -0.9  -0.9   0.000236936215
 0.9 -0.9  -0.3   0.000147719800
 0.9 -0.9   0.3   0.000532642807
 0.9 -0.9   0.9   0.001287943175
 0.9 -0.9   1.5   0.001800962641
 0.9 -0.9   2.1   0.000945340895
 0.9 -0.3  -2.1   0.000326890761
 0.9 -0.3  -1.5   0.000432911310
 0.9 -0.3  -0.9   0.000460127411
 0.9 -0.3  -0.3   0.000390162841
 0.9 -0.3   0.3   0.000425683796
 0.9 -0.3   0.9   0.000599879135
 0.9 -0.3   1.5   0.000705915655
 0.9 -0.3   2.1   0.000515940400
 0.9  0.3  -2.1   0.000181883578
 0.9  0.3  -1.5   0.000245901776
 0.9  0.3  -0.9   0.000285928947
 0.9  0.3  -0.3   0.000293088411
 0.9  0.3   0.3   0.000348409427
 0.9  0.3   0.9   0.000510992554
 0.9  0.3   1.5   0.000765385279
 0.9  0.3   2.1   0.000944793025
 0.9  0.9  -2.1   0.000051305731
 0.9  0.9  -1.5   0.000082497191
 0.9  0.9  -0.9   0.000129977898
 0.9  0.9  -0.3   0.000202045068
 0.9  0.9   0.3   0.000346985242
 0.9  0.9   0.9   0.000670987706
 0.9  0.9   1.5   0.001404639557
 0.9  0.9   2.1   0.002564552933
 0.9  1.5  -2.1  -0.000038665133
 0.9  1.5  -1.5  -0.000009660294
 0.9  1.5  -0.9   0.000055462671
 0.9  1.5  -0.3   0.000169110006
 0.9  1.5   0.3   0.000374217314
 0.9  1.5   0.9   0.000814343639
 0.9  1.5   1.5   0.001973055380
 0.9  1.5   2.1   0.004639141394
 0.9  2.1  -2.1  -0.000113295975
 0.9  2.1  -1.5  -0.000059737310
 0.9  2.1  -0.9   0.000032749661
 0.9  2.1  -0.3   0.000169128407
 0.9  2.1   0.3   0.000377785416
 0.9  2.1   0.9   0.000750650414
 0.9  2.1   1.5   0.001529249853
 0.9  2.1   2.1   0.002749670613
 1.5 -2.1  -2.1   0.000109050501
 1.5 -2.1  -1.5  -0.002592735966
 1.5 -2.1  -0.9  -0.011679542585
 1.5 -2.1  -0.3  -0.017040150055
 1.5 -2.1   0.3  -0.001109030179
 1.5 -2.1   0.9   0.006310605958
 1.5 -2.1   1.5   0.010282311777
 1.5 -2.1   2.1   0.002280969968
 1.5 -1.5  -2.1  -0.000031129312
 1.5 -1.5  -1.5  -0.001026422233
 1.5 -1.5  -0.9  -0.002560174484
 1.5 -1.5  -0.3  -0.002690486034
 1.5 -1.5   0.3  -0.000409287960
 1.5 -1.5   0.9   0.001976268303
 1.5 -1.5   1.5   0.003303345669
 1.5 -1.5   2.1  -0.001112267058
 1.5 -0.9  -2.1   0.000093461541
 1.5 -0.9  -1.5  -0.000209139607
 1.5 -0.9  -0.9  -0.000539082887
 1.5 -0.9  -0.3  -0.000542183667
 1.5 -0.9   0.3  -0.000078106590
 1.5 -0.9   0.9   0.000476837109
 1.5 -0.9   1.5   0.000592065560
 1.5 -0.9   2.1  -0.000408240479
 1.5 -0.3  -2.1   0.000154772676
 1.5 -0.3  -1.5   0.000071125236
 1.5 -0.3  -0.9  -0.000016840937
 1.5 -0.3  -0.3  -0.000046928671
 1.5 -0.3   0.3   0.000015262945
 1.5 -0.3   0.9   0.000097868460
 1.5 -0.3   1.5   0.000103746088
 1.5 -0.3   2.1   0.000041612453
 1.5  0.3  -2.1   0.000136181887
 1.5  0.3  -1.5   0.000113585534
 1.5  0.3  -0.9   0.000091495735
 1.5  0.3  -0.3   0.000080768865
 1.5  0.3   0.3   0.000100585592
 1.5  0.3   0.9   0.000160428448
 1.5  0.3   1.5   0.000269188001
 1.5  0.3   2.1   0.000415231555
 1.5  0.9  -2.1   0.000086529489
 1.5  0.9  -1.5   0.000086240971
 1.5  0.9  -0.9   0.000097468147
 1.5  0.9  -0.3   0.000127158692
 1.5  0.9   0.3   0.000197023617
 1.5  0.9   0.9   0.000347661921
 1.5  0.9   1.5   0.000621049915
 1.5  0.9   2.1   0.000918979930
 1.5  1.5  -2.1   0.000036400741
 1.5  1.5  -1.5   0.000055022083
 1.5  1.5  -0.9   0.000093416753
 1.5  1.5  -0.3   0.000158738313
 1.5  1.5   0.3   0.000274003219
 1.5  1.5   0.9   0.000489376327
 1.5  1.5   1.5   0.000864257474
 1.5  1.5   2.1   0.001262968203
 1.5  2.1  -2.1  -0.000010448422
 1.5  2.1  -1.5   0.000034560966
 1.5  2.1  -0.9   0.000099536722
 1.5  2.1  -0.3   0.000186752958
 1.5  2.1   0.3   0.000313178726
 1.5  2.1   0.9   0.000512046979
 1.5  2.1   1.5   0.000806413407
 1.5  2.1   2.1   0.001061296715
 2.1 -2.1  -2.1  -0.000345306218
 2.1 -2.1  -1.5  -0.002017087768
 2.1 -2.1  -0.9  -0.005373889333
 2.1 -2.1  -0.3  -0.006058392563
 2.1 -2.1   0.3  -0.000790610924
 2.1 -2.1   0.9   0.002226924191
 2.1 -2.1   1.5   0.001411277190
 2.1 -2.1   2.1  -0.003421680107
 2.1 -1.5  -2.1  -0.000159785100
 2.1 -1.5  -1.5  -0.000944076419
 2.1 -1.5  -0.9  -0.001922848862
 2.1 -1.5  -0.3  -0.002011218473
 2.1 -1.5   0.3  -0.000873402187
 2.1 -1.5   0.9  -0.000081373675
 2.1 -1.5   1.5  -0.000479587224
 2.1 -1.5   2.1  -0.002151779504
 2.1 -0.9  -2.1   0.000025483262
 2.1 -0.9  -1.5  -0.000307064660
 2.1 -0.9  -0.9  -0.000633700581
 2.1 -0.9  -0.3  -0.000741612636
 2.1 -0.9   0.3  -0.000664608731
 2.1 -0.9   0.9  -0.000834449925
 2.1 -0.9   1.5  -0.001393358914
 2.1 -0.9   2.1  -0.001007429395
 2.1 -0.3  -2.1   0.000115687092
 2.1 -0.3  -1.5  -0.000035448739
 2.1 -0.3  -0.9  -0.000182262018
 2.1 -0.3  -0.3  -0.000301423123
 2.1 -0.3   0.3  -0.000446114013
 2.1 -0.3   0.9  -0.000747684692
 2.1 -0.3   1.5  -0.001104146564
 2.1 -0.3   2.1  -0.000729041824
 2.1  0.3  -2.1   0.000133803963
 2.1  0.3  -1.5   0.000058436378
 2.1  0.3  -0.9  -0.000014852564
 2.1  0.3  -0.3  -0.000094220852
 2.1  0.3   0.3  -0.000200745872
 2.1  0.3   0.9  -0.000346512018
 2.1  0.3   1.5  -0.000427754454
 2.1  0.3   2.1  -0.000184339968
 2.1  0.9  -2.1   0.000114464974
 2.1  0.9  -1.5   0.000082399977
 2.1  0.9  -0.9   0.000056289685
 2.1  0.9  -0.3   0.000031351516
 2.1  0.9   0.3   0.000008600314
 2.1  0.9   0.9   0.000007141410
 2.1  0.9   1.5   0.000077906954
 2.1  0.9   2.1   0.000263804429
 2.1  1.5  -2.1   0.000085987521
 2.1  1.5  -1.5   0.000086026059
 2.1  1.5  -0.9   0.000095434291
 2.1  1.5  -0.3   0.000114377134
 2.1  1.5   0.3   0.000151108403
 2.1  1.5   0.9   0.000224837238
 2.1  1.5   1.5   0.000352206329
 2.1  1.5   2.1   0.000502731100
 2.1  2.1  -2.1   0.000063728639
 2.1  2.1  -1.5   0.000091148890
 2.1  2.1  -0.9   0.000127494427
 2.1  2.1  -0.3   0.000172685398
 2.1  2.1   0.3   0.000234398582
 2.1  2.1   0.9   0.000324328478
 2.1  2.1   1.5   0.000441591826
 2.1  2.1   2.1   0.000544457086
-2.1 -2.1  -2.1   0.034719286356
-2.1 -2.1  -1.5   0.034719286356
-2.1 -2.1  -0.9   0.034719286356
-2.1 -2.1  -0.3   0.034719286356
-2.1 -2.1   0.3   0.034719286356
-2.1 -2.1   0.9   0.034719286356
-2.1 -2.1   1.5   0.034719286356
-2.1 -2.1   2.1   0.034719286356
-2.1 -1.5  -2.1   0.034719286356
-2.1 -1.5  -1.5   0.034719286356
-2.1 -1.5  -0.9   0.034719286356
-2.1 -1.5  -0.3   0.034719286356
-2.1 -1.5   0.3   0.034719286356
-2.1 -1.5   0.9   0.034719286356
-2.1 -1.5   1.5   0.034719286356
-2.1 -1.5   2.1   0.034719286356
-2.1 -0.9  -2.1   0.034719286356
-2.1 -0.9  -1.5   0.034719286356
-2.1 -0.9  -0.9   0.034719286356
-2.1 -0.9  -0.3   0.034719286356
-2.1 -0.9   0.3   0.034719286356
-2.1 -0.9   0.9   0.034719286356
-2.1 -0.9   1.5   0.034719286356
-2.1 -0.9   2.1   0.034719286356
-2.1 -0.3  -2.1   0.034719286356
-2.1 -0.3  -1.5   0.034719286356
-2.1 -0.3  -0.9   0.034719286356
-2.1 -0.3  -0.3   0.034719286356
-2.1 -0.3   0.3   0.034719286356
-2.1 -0.3   0.9   0.034719286356
-2.1 -0.3   1.5   0.034719286356
-2.1 -0.3   2.1   0.031061000909
-2.1  0.3  -2.1   0.034719286356
-2.1  0.3  -1.5   0.034719286356
-2.1  0.3  -0.9   0.034719286356
-2.1  0.3  -0.3   0.034719286356
-2.1  0.3   0.3   0.034719286356
-2.1  0.3   0.9   0.034719286356
-2.1  0.3   1.5   0.034719286356
-2.1  0.3   2.1   0.034719286356
-2.1  0.9  -2.1   0.034719286356
-2.1  0.9  -1.5   0.034719286356
-2.1  0.9  -0.9   0.034719286356
-2.1  0.9  -0.3   0.034719286356
-2.1  0.9   0.3   0.034719286356
-2.1  0.9   0.9   0.034719286356
-2.1  0.9   1.5   0.034719286356
-2.1  0.9   2.1   0.034719286356
-2.1  1.5  -2.1   0.034719286356
-2.1  1.5  -1.5   0.034719286356
-2.1  1.5  -0.9   0.034719286356
-2.1  1.5  -0.3   0.034719286356
-2.1  1.5   0.3   0.034719286356
-2.1  1.5   0.9   0.034719286356
-2.1  1.5   1.5   0.034719286356
-2.1  1.5   2.1   0.034719286356
-2.1  2.1  -2.1   0.034719286356
-2.1  2.1  -1.5   0.034719286356
-2.1  2.1  -0.9   0.034719286356
-2.1  2.1  -0.3   0.034719286356
-2.1  2.1   0.3   0.034719286356
-2.1  2.1   0.9   0.034719286356
-2.1  2.1   1.5   0.034719286356
-2.1  2.1   2.1   0.034719286356
-1.5 -2.1  -2.1   0.034719286356
-1.5 -2.1  -1.5   0.034719286356
-1.5 -2.1  -0.9   0.034719286356
-1.5 -2.1  -0.3   0.034719286356
-1.5 -2.1   0.3   0.034719286356
-1.5 -2.1   0.9   0.034719286356
-1.5 -2.1   1.5   0.034719286356
-1.5 -2.1   2.1   0.034719286356
-1.5 -1.5  -2.1   0.034719286356
-1.5 -1.5  -1.5   0.034719286356
-1.5 -1.5  -0.9   0.034719286356
-1.5 -1.5  -0.3   0.034719286356
-1.5 -1.5   0.3   0.034719286356
-1.5 -1.5   0.9   0.034719286356
-1.5 -1.5   1.5   0.034719286356
-1.5 -1.5   2.1   0.034719286356
-1.5 -0.9  -2.1   0.034719286356
-1.5 -0.9  -1.5   0.034719286356
-1.5 -0.9  -0.9   0.034719286356
-1.5 -0.9  -0.3   0.034719286356
-1.5 -0.9   0.3   0.034719286356
-1.5 -0.9   0.9   0.034719286356
-1.5 -0.9   1.5   0.034719286356
-1.5 -0.9   2.1   0.034719286356
-1.5 -0.3  -2.1   0.034719286356
-1.5 -0.3  -1.5   0.034719286356
-1.5 -0.3  -0.9   0.034719286356
-1.5 -0.3  -0.3   0.034719286356
-1.5 -0.3   0.3   0.034719286356
-1.5 -0.3   0.9   0.034719286356
-1.5 -0.3   1.5   0.034719286356
-1.5 -0.3   2.1   0.034719286356
-1.5  0.3  -2.1   0.034719286356
-1.5  0.3  -1.5   0.034719286356
-1.5  0.3  -0.9   0.034719286356
-1.5  0.3  -0.3   0.034719286356
-1.5  0.3   0.3   0.034719286356
-1.5  0.3   0.9   0.034719286356
-1.5  0.3   1.5   0.034719286356
-1.5  0.3   2.1   0.034719286356
-1.5  0.9  -2.1   0.034719286356
-1.5  0.9  -1.5   0.034719286356
-1.5  0.9  -0.9   0.034719286356
-1.5  0.9  -0.3   0.034719286356
-1.5  0.9   0.3   0.034719286356
-1.5  0.9   0.9   0.034719286356
-1.5  0.9   1.5   0.034719286356
-1.5  0.9   2.1   0.034719286356
-1.5  1.5  -2.1   0.034719286356
-1.5  1.5  -1.5   0.034719286356
-1.5  1.5  -0.9   0.034719286356
-1.5  1.5  -0.3   0.034719286356
-1.5  1.5   0.3   0.034719286356
-1.5  1.5   0.9   0.034719286356
-1.5  1.5   1.5   0.034719286356
-1.5  1.5   2.1   0.034719286356
-1.5  2.1  -2.1   0.034719286356
-1.5  2.1  -1.5   0.034719286356
-1.5  2.1  -0.9   0.034719286356
-1.5  2.1  -0.3   0.034719286356
-1.5  2.1   0.3   0.034719286356
-1.5  2.1   0.9   0.034719286356
-1.5  2.1   1.5   0.034719286356
-1.5  2.1   2.1   0.034719286356
-0.9 -2.1  -2.1   0.034719286356
-0.9 -2.1  -1.5   0.034719286356
-0.9 -2.1  -0.9   0.034719286356
-0.9 -2.1  -0.3   0.034719286356
-0.9 -2.1   0.3   0.034719286356
-0.9 -2.1   0.9   0.034719286356
-0.9 -2.1   1.5   0.034719286356
-0.9 -2.1   2.1   0.034719286356
-0.9 -1.5  -2.1   0.034719286356
-0.9 -1.5  -1.5   0.034719286356
-0.9 -1.5  -0.9   0.034719286356
-0.9 -1.5  -0.3   0.034719286356
-0.9 -1.5   0.3   0.034719286356
-0.9 -1.5   0.9   0.034719286356
-0.9 -1.5   1.5   0.034719286356
-0.9 -1.5   2.1   0.034719286356
-0.9 -0.9  -2.1   0.034719286356
-0.9 -0.9  -1.5   0.034719286356
-0.9 -0.9  -0.9   0.034719286356
-0.9 -0.9  -0.3   0.034719286356
-0.9 -0.9   0.3   0.034719286356
-0.9 -0.9   0.9   0.034719286356
-0.9 -0.9   1.5   0.034719286356
-0.9 -0.9   2.1   0.034719286356
-0.9 -0.3  -2.1   0.034719286356
-0.9 -0.3  -1.5   0.034719286356
-0.9 -0.3  -0.9   0.034719286356
-0.9 -0.3  -0.3   0.034719286356
-0.9 -0.3   0.3   0.034719286356
-0.9 -0.3   0.9   0.034719286356
-0.9 -0.3   1.5   0.034719286356
-0.9 -0.3   2.1   0.034719286356
-0.9  0.3  -2.1   0.034719286356
-0.9  0.3  -1.5   0.034719286356
-0.9  0.3  -0.9   0.034719286356
-0.9  0.3  -0.3   0.034719286356
-0.9  0.3   0.3   0.034719286356
-0.9  0.3   0.9   0.034719286356
-0.9  0.3   1.5   0.034719286356
-0.9  0.3   2.1   0.034719286356
-0.9  0.9  -2.1   0.034719286356
-0.9  0.9  -1.5   0.034719286356
-0.9  0.9  -0.9   0.034719286356
-0.9  0.9  -0.3   0.034719286356
-0.9  0.9   0.3   0.034719286356
-0.9  0.9   0.9   0.034719286356
-0.9  0.9   1.5   0.034719286356
-0.9  0.9   2.1   0.034719286356
-0.9  1.5  -2.1   0.034719286356
-0.9  1.5  -1.5   0.034719286356
-0.9  1.5  -0.9   0.034719286356
-0.9  1.5  -0.3   0.034719286356
-0.9  1.5   0.3   0.034719286356
-0.9  1.5   0.9   0.034719286356
-0.9  1.5   1.5   0.034719286356
-0.9  1.5   2.1   0.034719286356
-0.9  2.1  -2.1   0.034719286356
-0.9  2.1  -1.5   0.034719286356
-0.9  2.1  -0.9   0.034719286356
-0.9  2.1  -0.3   0.034719286356
-0.9  2.1   0.3   0.034719286356
-0.9  2.1   0.9   0.034719286356
-0.9  2.1   1.5   0.034719286356
-0.9  2.1   2.1   0.034719286356
-0.3 -2.1  -2.1   0.034719286356
-0.3 -2.1  -1.5   0.034719286356
-0.3 -2.1  -0.9   0.034719286356
-0.3 -2.1  -0.3   0.034719286356
-0.3 -2.1   0.3   0.034719286356
-0.3 -2.1   0.9   0.034719286356
-0.3 -2.1   1.5   0.034719286356
-0.3 -2.1   2.1   0.034719286356
-0.3 -1.5  -2.1   0.034719286356
-0.3 -1.5  -1.5   0.034719286356
-0.3 -1.5  -0.9   0.034719286356
-0.3 -1.5  -0.3   0.034719286356
-0.3 -1.5   0.3   0.034719286356
-0.3 -1.5   0.9   0.034719286356
-0.3 -1.5   1.5   0.034719286356
-0.3 -1.5   2.1   0.034719286356
-0.3 -0.9  -2.1   0.034719286356
-0.3 -0.9  -1.5   0.034719286356
-0.3 -0.9  -0.9   0.034719286356
-0.3 -0.9  -0.3   0.034719286356
-0.3 -0.9   0.3   0.034719286356
-0.3 -0.9   0.9   0.034719286356
-0.3 -0.9   1.5   0.034719286356
-0.3 -0.9   2.1   0.034719286356
-0.3 -0.3  -2.1   0.034719286356
-0.3 -0.3  -1.5   0.034719286356
-0.3 -0.3  -0.9   0.034719286356
-0.3 -0.3  -0.3   0.034719286356
-0.3 -0.3   0.3   0.034719286356
-0.3 -0.3   0.9   0.034719286356
-0.3 -0.3   1.5   0.034719286356
-0.3 -0.3   2.1   0.034719286356
-0.3  0.3  -2.1   0.034719286356
-0.3  0.3  -1.5   0.034719286356
-0.3  0.3  -0.9   0.034719286356
-0.3  0.3  -0.3   0.034719286356
-0.3  0.3   0.3   0.034719286356
-0.3  0.3   0.9   0.034194544964
-0.3  0.3   1.5   0.034719286356
-0.3  0.3   2.1   0.034719286356
-0.3  0.9  -2.1   0.034719286356
-0.3  0.9  -1.5   0.034719286356
-0.3  0.9  -0.9   0.034719286356
-0.3  0.9  -0.3   0.034719286356
-0.3  0.9   0.3   0.028255469742
-0.3  0.9   0.9   0.034719286356
-0.3  0.9   1.5   0.034719286356
-0.3  0.9   2.1   0.034719286356
-0.3  1.5  -2.1   0.031371579160
-0.3  1.5  -1.5   0.034719286356
-0.3  1.5  -0.9   0.034719286356
-0.3  1.5  -0.3   0.034719286356
-0.3  1.5   0.3   0.021889375074
-0.3  1.5   0.9   0.034719286356
-0.3  1.5   1.5   0.034719286356
-0.3  1.5   2.1   0.034719286356
-0.3  2.1  -2.1   0.034719286356
-0.3  2.1  -1.5   0.033026736075
-0.3  2.1  -0.9   0.026526543371
-0.3  2.1  -0.3   0.017900866162
-0.3  2.1   0.3   0.034719286356
-0.3  2.1   0.9   0.034719286356
-0.3  2.1   1.5   0.034719286356
-0.3  2.1   2.1   0.034719286356
 0.3 -2.1  -2.1   0.034719286356
 0.3 -2.1  -1.5   0.034719286356
 0.3 -2.1  -0.9   0.034719286356
 0.3 -2.1  -0.3   0.034719286356
 0.3 -2.1   0.3   0.034719286356
 0.3 -2.1   0.9   0.034719286356
 0.3 -2.1   1.5   0.034719286356
 0.3 -2.1   2.1   0.034719286356
 0.3 -1.5  -2.1   0.034719286356
 0.3 -1.5  -1.5   0.034719286356
 0.3 -1.5  -0.9   0.034719286356
 0.3 -1.5  -0.3   0.034719286356
 0.3 -1.5   0.3   0.034719286356
 0.3 -1.5   0.9   0.034719286356
 0.3 -1.5   1.5   0.034719286356
 0.3 -1.5   2.1   0.034719286356
 0.3 -0.9  -2.1   0.034719286356
 0.3 -0.9  -1.5   0.034719286356
 0.3 -0.9  -0.9   0.034719286356
 0.3 -0.9  -0.3   0.034719286356
 0.3 -0.9   0.3   0.034719286356
 0.3 -0.9   0.9   0.034719286356
 0.3 -0.9   1.5   0.034719286356
 0.3 -0.9   2.1   0.034719286356
 0.3 -0.3  -2.1   0.034719286356
 0.3 -0.3  -1.5   0.034719286356
 0.3 -0.3  -0.9   0.034719286356
 0.3 -0.3  -0.3   0.034719286356
 0.3 -0.3   0.3   0.034719286356
 0.3 -0.3   0.9   0.034719286356
 0.3 -0.3   1.5   0.034719286356
 0.3 -0.3   2.1   0.034719286356
 0.3  0.3  -2.1   0.016690894519
 0.3  0.3  -1.5   0.031931865810
 0.3  0.3  -0.9   0.034719286356
 0.3  0.3  -0.3   0.029254792184
 0.3  0.3   0.3   0.015875599571
 0.3  0.3   0.9   0.026548848429
 0.3  0.3   1.5   0.034719286356
 0.3  0.3   2.1   0.034719286356
 0.3  0.9  -2.1   0.006653098177
 0.3  0.9  -1.5   0.009717348786
 0.3  0.9  -0.9   0.010612216172
 0.3  0.9  -0.3   0.006400291777
 0.3  0.9   0.3   0.003730962982
 0.3  0.9   0.9   0.024278342507
 0.3  0.9   1.5   0.034719286356
 0.3  0.9   2.1   0.034719286356
 0.3  1.5  -2.1   0.003079888870
 0.3  1.5  -1.5   0.003685432457
 0.3  1.5  -0.9   0.003351761366
 0.3  1.5  -0.3   0.001573077397
 0.3  1.5   0.3   0.003317602102
 0.3  1.5   0.9   0.034719286356
 0.3  1.5   1.5   0.034719286356
 0.3  1.5   2.1   0.034719286356
 0.3  2.1  -2.1   0.012592168538
 0.3  2.1  -1.5   0.006407050233
 0.3  2.1  -0.9   0.002856691771
 0.3  2.1  -0.3   0.001448153238
 0.3  2.1   0.3   0.006855623066
 0.3  2.1   0.9   0.034719286356
 0.3  2.1   1.5   0.034719286356
 0.3  2.1   2.1   0.034719286356
 0.9 -2.1  -2.1   0.034719286356
 0.9 -2.1  -1.5   0.034719286356
 0.9 -2.1  -0.9   0.034719286356
 0.9 -2.1  -0.3   0.034719286356
 0.9 -2.1   0.3   0.034719286356
 0.9 -2.1   0.9   0.034719286356
 0.9 -2.1   1.5   0.034719286356
 0.9 -2.1   2.1   0.034719286356
 0.9 -1.5  -2.1   0.034719286356
 0.9 -1.5  -1.5   0.034719286356
 0.9 -1.5  -0.9   0.034719286356
 0.9 -1.5  -0.3   0.034719286356
 0.9 -1.5   0.3   0.034719286356
 0.9 -1.5   0.9   0.034719286356
 0.9 -1.5   1.5   0.034719286356
 0.9 -1.5   2.1   0.034719286356
 0.9 -0.9  -2.1   0.034719286356
 0.9 -0.9  -1.5   0.034719286356
 0.9 -0.9  -0.9   0.034719286356
 0.9 -0.9  -0.3   0.034719286356
 0.9 -0.9   0.3   0.034719286356
 0.9 -0.9   0.9   0.034719286356
 0.9 -0.9   1.5   0.034719286356
 0.9 -0.9   2.1   0.034719286356
 0.9 -0.3  -2.1   0.034719286356
 0.9 -0.3  -1.5   0.034719286356
 0.9 -0.3  -0.9   0.034719286356
 0.9 -0.3  -0.3   0.034719286356
 0.9 -0.3   0.3   0.034719286356
 0.9 -0.3   0.9   0.034719286356
 0.9 -0.3   1.5   0.034719286356
 0.9 -0.3   2.1   0.034719286356
 0.9  0.3  -2.1   0.034719286356
 0.9  0.3  -1.5   0.015327348709
 0.9  0.3  -0.9   0.006027800011
 0.9  0.3  -0.3   0.004535046377
 0.9  0.3   0.3   0.008691424080
 0.9  0.3   0.9   0.027702265132
 0.9  0.3   1.5   0.034719286356
 0.9  0.3   2.1   0.034719286356
 0.9  0.9  -2.1   0.029518396282
 0.9  0.9  -1.5   0.005948773360
 0.9  0.9  -0.9   0.000374183984
 0.9  0.9  -0.3  -0.000913379015
 0.9  0.9   0.3  -0.000293172084
 0.9  0.9   0.9   0.007320047683
 0.9  0.9   1.5   0.034719286356
 0.9  0.9   2.1   0.034719286356
 0.9  1.5  -2.1   0.009793090992
 0.9  1.5  -1.5   0.001254866111
 0.9  1.5  -0.9  -0.001177112616
 0.9  1.5  -0.3  -0.001793499730
 0.9  1.5   0.3  -0.000945587055
 0.9  1.5   0.9   0.009225852153
 0.9  1.5   1.5   0.034719286356
 0.9  1.5   2.1   0.034719286356
 0.9  2.1  -2.1   0.006009741816
 0.9  2.1  -1.5   0.001639889456
 0.9  2.1  -0.9  -0.000450337961
 0.9  2.1  -0.3  -0.001281363176
 0.9  2.1   0.3  -0.000341668678
 0.9  2.1   0.9   0.009505577805
 0.9  2.1   1.5   0.034719286356
 0.9  2.1   2.1   0.034719286356
 1.5 -2.1  -2.1   0.034719286356
 1.5 -2.1  -1.5   0.034719286356
 1.5 -2.1  -0.9   0.034719286356
 1.5 -2.1  -0.3   0.034719286356
 1.5 -2.1   0.3   0.034719286356
 1.5 -2.1   0.9   0.034719286356
 1.5 -2.1   1.5   0.034719286356
 1.5 -2.1   2.1   0.034719286356
 1.5 -1.5  -2.1   0.034719286356
 1.5 -1.5  -1.5   0.034719286356
 1.5 -1.5  -0.9   0.034719286356
 1.5 -1.5  -0.3   0.034719286356
 1.5 -1.5   0.3   0.034719286356
 1.5 -1.5   0.9   0.034719286356
 1.5 -1.5   1.5   0.034719286356
 1.5 -1.5   2.1   0.034719286356
 1.5 -0.9  -2.1   0.034719286356
 1.5 -0.9  -1.5   0.034719286356
 1.5 -0.9  -0.9   0.034719286356
 1.5 -0.9  -0.3   0.034719286356
 1.5 -0.9   0.3   0.034719286356
 1.5 -0.9   0.9   0.034719286356
 1.5 -0.9   1.5   0.034719286356
 1.5 -0.9   2.1   0.034719286356
 1.5 -0.3  -2.1   0.034719286356
 1.5 -0.3  -1.5   0.034719286356
 1.5 -0.3  -0.9   0.034719286356
 1.5 -0.3  -0.3   0.034719286356
 1.5 -0.3   0.3   0.034719286356
 1.5 -0.3   0.9   0.034719286356
 1.5 -0.3   1.5   0.034719286356
 1.5 -0.3   2.1   0.034719286356
 1.5  0.3  -2.1   0.034719286356
 1.5  0.3  -1.5   0.034719286356
 1.5  0.3  -0.9   0.013350441571
 1.5  0.3  -0.3   0.003828813041
 1.5  0.3   0.3   0.009473495101
 1.5  0.3   0.9   0.034719286356
 1.5  0.3   1.5   0.034719286356
 1.5  0.3   2.1   0.034719286356
 1.5  0.9  -2.1   0.034719286356
 1.5  0.9  -1.5   0.034719286356
 1.5  0.9  -0.9   0.003956037005
 1.5  0.9  -0.3  -0.000940446865
 1.5  0.9   0.3  -0.000436783899
 1.5  0.9   0.9   0.004427289517
 1.5  0.9   1.5   0.020711505230
 1.5  0.9   2.1   0.034719286356
 1.5  1.5  -2.1   0.034719286356
 1.5  1.5  -1.5   0.012626581948
 1.5  1.5  -0.9   0.000530360708
 1.5  1.5  -0.3  -0.001460145280
 1.5  1.5   0.3  -0.001596230995
 1.5  1.5   0.9   0.000493946079
 1.5  1.5   1.5   0.013540462309
 1.5  1.5   2.1   0.034719286356
 1.5  2.1  -2.1   0.015170082147
 1.5  2.1  -1.5   0.003443721299
 1.5  2.1  -0.9   0.000513521507
 1.5  2.1  -0.3  -0.000426605246
 1.5  2.1   0.3  -0.000928723898
 1.5  2.1   0.9   0.000553792060
 1.5  2.1   1.5   0.011825523991
 1.5  2.1   2.1   0.034719286356
 2.1 -2.1  -2.1   0.034719286356
 2.1 -2.1  -1.5   0.034719286356
 2.1 -2.1  -0.9   0.034719286356
 2.1 -2.1  -0.3   0.034719286356
 2.1 -2.1   0.3   0.034719286356
 2.1 -2.1   0.9   0.034719286356
 2.1 -2.1   1.5   0.034719286356
 2.1 -2.1   2.1   0.034719286356
 2.1 -1.5  -2.1   0.034719286356
 2.1 -1.5  -1.5   0.034719286356
 2.1 -1.5  -0.9   0.034719286356
 2.1 -1.5  -0.3   0.034719286356
 2.1 -1.5   0.3   0.034719286356
 2.1 -1.5   0.9   0.034719286356
 2.1 -1.5   1.5   0.034719286356
 2.1 -1.5   2.1   0.034719286356
 2.1 -0.9  -2.1   0.034719286356
 2.1 -0.9  -1.5   0.034719286356
 2.1 -0.9  -0.9   0.034719286356
 2.1 -0.9  -0.3   0.034719286356
 2.1 -0.9   0.3   0.034719286356
 2.1 -0.9   0.9   0.034719286356
 2.1 -0.9   1.5   0.034719286356
 2.1 -0.9   2.1   0.034719286356
 2.1 -0.3  -2.1   0.034719286356
 2.1 -0.3  -1.5   0.034719286356
 2.1 -0.3  -0.9   0.034719286356
 2.1 -0.3  -0.3   0.034719286356
 2.1 -0.3   0.3   0.034719286356
 2.1 -0.3   0.9   0.034719286356
 2.1 -0.3   1.5   0.034719286356
 2.1 -0.3   2.1   0.034719286356
 2.1  0.3  -2.1   0.034719286356
 2.1  0.3  -1.5   0.034719286356
 2.1  0.3  -0.9   0.034719286356
 2.1  0.3  -0.3   0.007510365964
 2.1  0.3   0.3   0.023056316675
 2.1  0.3   0.9   0.034719286356
 2.1  0.3   1.5   0.034719286356
 2.1  0.3   2.1   0.034719286356
 2.1  0.9  -2.1   0.034719286356
 2.1  0.9  -1.5   0.034719286356
 2.1  0.9  -0.9   0.017223878616
 2.1  0.9  -0.3   0.001390769202
 2.1  0.9   0.3   0.002543538043
 2.1  0.9   0.9   0.016281854802
 2.1  0.9   1.5   0.034719286356
 2.1  0.9   2.1   0.034719286356
 2.1  1.5  -2.1   0.034719286356
 2.1  1.5  -1.5   0.034719286356
 2.1  1.5  -0.9   0.008940055833
 2.1  1.5  -0.3   0.003202028194
 2.1  1.5   0.3   0.001041355346
 2.1  1.5   0.9   0.000974862704
 2.1  1.5   1.5   0.004444406125
 2.1  1.5   2.1   0.012541200626
 2.1  2.1  -2.1   0.034719286356
 2.1  2.1  -1.5   0.019631368094
 2.1  2.1  -0.9   0.017679839713
 2.1  2.1  -0.3   0.015416882111
 2.1  2.1   0.3   0.007585151307
 2.1  2.1   0.9   0.002064700409
 2.1  2.1   1.5   0.001950611445
 2.1  2.1   2.1   0.008056251054
-2.1 -2.1  -2.1   0.034719286356
-2.1 -2.1  -1.5   0.034719286356
-2.1 -2.1  -0.9   0.034719286356
-2.1 -2.1  -0.3   0.034719286356
-2.1 -2.1   0.3   0.034719286356
-2.1 -2.1   0.9   0.034719286356
-2.1 -2.1   1.5   0.034719286356
-2.1 -2.1   2.1   0.034719286356
-2.1 -1.5  -2.1   0.034719286356
-2.1 -1.5  -1.5   0.034719286356
-2.1 -1.5  -0.9   0.034719286356
-2.1 -1.5  -0.3   0.034719286356
-2.1 -1.5   0.3   0.034719286356
-2.1 -1.5   0.9   0.034719286356
-2.1 -1.5   1.5   0.034719286356
-2.1 -1.5   2.1   0.034719286356
-2.1 -0.9  -2.1   0.034719286356
-2.1 -0.9  -1.5   0.034719286356
-2.1 -0.9  -0.9   0.034719286356
-2.1 -0.9  -0.3   0.034719286356
-2.1 -0.9   0.3   0.034719286356
-2.1 -0.9   0.9   0.034719286356
-2.1 -0.9   1.5   0.022224525206
-2.1 -0.9   2.1   0.025735810235
-2.1 -0.3  -2.1   0.034719286356
-2.1 -0.3  -1.5   0.034719286356
-2.1 -0.3  -0.9   0.034719286356
-2.1 -0.3  -0.3   0.034719286356
-2.1 -0.3   0.3   0.034719286356
-2.1 -0.3   0.9   0.034719286356
-2.1 -0.3   1.5   0.014762817627
-2.1 -0.3   2.1   0.006149598045
-2.1  0.3  -2.1   0.034719286356
-2.1  0.3  -1.5   0.034719286356
-2.1  0.3  -0.9   0.034719286356
-2.1  0.3  -0.3   0.034719286356
-2.1  0.3   0.3   0.034719286356
-2.1  0.3   0.9   0.034719286356
-2.1  0.3   1.5   0.018120214280
-2.1  0.3   2.1   0.033826971879
-2.1  0.9  -2.1   0.034719286356
-2.1  0.9  -1.5   0.034719286356
-2.1  0.9  -0.9   0.034719286356
-2.1  0.9  -0.3   0.034719286356
-2.1  0.9   0.3   0.034719286356
-2.1  0.9   0.9   0.034719286356
-2.1  0.9   1.5   0.034719286356
-2.1  0.9   2.1   0.034719286356
-2.1  1.5  -2.1   0.034719286356
-2.1  1.5  -1.5   0.034719286356
-2.1  1.5  -0.9   0.034719286356
-2.1  1.5  -0.3   0.034719286356
-2.1  1.5   0.3   0.034719286356
-2.1  1.5   0.9   0.034719286356
-2.1  1.5   1.5   0.034719286356
-2.1  1.5   2.1   0.034719286356
-2.1  2.1  -2.1   0.034719286356
-2.1  2.1  -1.5   0.034719286356
-2.1  2.1  -0.9   0.034719286356
-2.1  2.1  -0.3   0.034719286356
-2.1  2.1   0.3   0.034719286356
-2.1  2.1   0.9   0.034719286356
-2.1  2.1   1.5   0.034719286356
-2.1  2.1   2.1   0.034719286356
-1.5 -2.1  -2.1   0.034719286356
-1.5 -2.1  -1.5   0.034719286356
-1.5 -2.1  -0.9   0.034719286356
-1.5 -2.1  -0.3   0.034719286356
-1.5 -2.1   0.3   0.034719286356
-1.5 -2.1   0.9   0.034719286356
-1.5 -2.1   1.5   0.034719286356
-1.5 -2.1   2.1   0.034719286356
-1.5 -1.5  -2.1   0.034719286356
-1.5 -1.5  -1.5   0.034719286356
-1.5 -1.5  -0.9   0.034719286356
-1.5 -1.5  -0.3   0.034719286356
-1.5 -1.5   0.3   0.034719286356
-1.5 -1.5   0.9   0.034719286356
-1.5 -1.5   1.5   0.034719286356
-1.5 -1.5   2.1   0.034719286356
-1.5 -0.9  -2.1   0.034719286356
-1.5 -0.9  -1.5   0.034719286356
-1.5 -0.9  -0.9   0.034719286356
-1.5 -0.9  -0.3   0.034719286356
-1.5 -0.9   0.3   0.034719286356
-1.5 -0.9   0.9   0.034719286356
-1.5 -0.9   1.5   0.019243060652
-1.5 -0.9   2.1   0.011254107726
-1.5 -0.3  -2.1   0.034719286356
-1.5 -0.3  -1.5   0.034719286356
-1.5 -0.3  -0.9   0.034719286356
-1.5 -0.3  -0.3   0.034719286356
-1.5 -0.3   0.3   0.034719286356
-1.5 -0.3   0.9   0.034719286356
-1.5 -0.3   1.5   0.010817725530
-1.5 -0.3   2.1   0.014921869802
-1.5  0.3  -2.1   0.034719286356
-1.5  0.3  -1.5   0.034719286356
-1.5  0.3  -0.9   0.034719286356
-1.5  0.3  -0.3   0.034719286356
-1.5  0.3   0.3   0.034719286356
-1.5  0.3   0.9   0.034719286356
-1.5  0.3   1.5   0.023647475020
-1.5  0.3   2.1   0.034719286356
-1.5  0.9  -2.1   0.034719286356
-1.5  0.9  -1.5   0.034719286356
-1.5  0.9  -0.9   0.034719286356
-1.5  0.9  -0.3   0.034719286356
-1.5  0.9   0.3   0.034719286356
-1.5  0.9   0.9   0.034719286356
-1.5  0.9   1.5   0.034719286356
-1.5  0.9   2.1   0.034719286356
-1.5  1.5  -2.1   0.034719286356
-1.5  1.5  -1.5   0.034719286356
-1.5  1.5  -0.9   0.034719286356
-1.5  1.5  -0.3   0.034719286356
-1.5  1.5   0.3   0.034719286356
-1.5  1.5   0.9   0.034719286356
-1.5  1.5   1.5   0.034719286356
-1.5  1.5   2.1   0.034719286356
-1.5  2.1  -2.1   0.034719286356
-1.5  2.1  -1.5   0.034719286356
-1.5  2.1  -0.9   0.034719286356
-1.5  2.1  -0.3   0.034719286356
-1.5  2.1   0.3   0.034719286356
-1.5  2.1   0.9   0.034719286356
-1.5  2.1   1.5   0.034719286356
-1.5  2.1   2.1   0.034719286356
-0.9 -2.1  -2.1   0.034719286356
-0.9 -2.1  -1.5   0.034719286356
-0.9 -2.1  -0.9   0.034719286356
-0.9 -2.1  -0.3   0.034719286356
-0.9 -2.1   0.3   0.034719286356
-0.9 -2.1   0.9   0.034719286356
-0.9 -2.1   1.5   0.034719286356
-0.9 -2.1   2.1   0.034719286356
-0.9 -1.5  -2.1   0.034719286356
-0.9 -1.5  -1.5   0.034719286356
-0.9 -1.5  -0.9   0.034719286356
-0.9 -1.5  -0.3   0.034719286356
-0.9 -1.5   0.3   0.034719286356
-0.9 -1.5   0.9   0.034719286356
-0.9 -1.5   1.5   0.034719286356
-0.9 -1.5   2.1   0.034719286356
-0.9 -0.9  -2.1   0.034719286356
-0.9 -0.9  -1.5   0.034719286356
-0.9 -0.9  -0.9   0.034719286356
-0.9 -0.9  -0.3   0.034719286356
-0.9 -0.9   0.3   0.034719286356
-0.9 -0.9   0.9   0.034719286356
-0.9 -0.9   1.5   0.034719286356
-0.9 -0.9   2.1   0.034719286356
-0.9 -0.3  -2.1   0.034719286356
-0.9 -0.3  -1.5   0.034719286356
-0.9 -0.3  -0.9   0.034719286356
-0.9 -0.3  -0.3   0.034719286356
-0.9 -0.3   0.3   0.034719286356
-0.9 -0.3   0.9   0.034719286356
-0.9 -0.3   1.5   0.016362560477
-0.9 -0.3   2.1   0.034719286356
-0.9  0.3  -2.1   0.034719286356
-0.9  0.3  -1.5   0.034719286356
-0.9  0.3  -0.9   0.034719286356
-0.9  0.3  -0.3   0.034719286356
-0.9  0.3   0.3   0.034719286356
-0.9  0.3   0.9   0.019672477118
-0.9  0.3   1.5   0.034719286356
-0.9  0.3   2.1   0.034719286356
-0.9  0.9  -2.1   0.034719286356
-0.9  0.9  -1.5   0.034719286356
-0.9  0.9  -0.9   0.034719286356
-0.9  0.9  -0.3   0.034719286356
-0.9  0.9   0.3   0.034719286356
-0.9  0.9   0.9   0.021694496761
-0.9  0.9   1.5   0.034719286356
-0.9  0.9   2.1   0.034719286356
-0.9  1.5  -2.1   0.034719286356
-0.9  1.5  -1.5   0.034719286356
-0.9  1.5  -0.9   0.034719286356
-0.9  1.5  -0.3   0.034719286356
-0.9  1.5   0.3   0.034719286356
-0.9  1.5   0.9   0.034719286356
-0.9  1.5   1.5   0.034719286356
-0.9  1.5   2.1   0.034719286356
-0.9  2.1  -2.1   0.034719286356
-0.9  2.1  -1.5   0.034719286356
-0.9  2.1  -0.9   0.034719286356
-0.9  2.1  -0.3   0.034719286356
-0.9  2.1   0.3   0.034719286356
-0.9  2.1   0.9   0.034719286356
-0.9  2.1   1.5   0.034719286356
-0.9  2.1   2.1   0.034719286356
-0.3 -2.1  -2.1   0.034719286356
-0.3 -2.1  -1.5   0.034719286356
-0.3 -2.1  -0.9   0.034719286356
-0.3 -2.1  -0.3   0.034719286356
-0.3 -2.1   0.3   0.034719286356
-0.3 -2.1   0.9   0.034719286356
-0.3 -2.1   1.5   0.034719286356
-0.3 -2.1   2.1   0.034719286356
-0.3 -1.5  -2.1   0.034719286356
-0.3 -1.5  -1.5   0.034719286356
-0.3 -1.5  -0.9   0.034719286356
-0.3 -1.5  -0.3   0.034719286356
-0.3 -1.5   0.3   0.034719286356
-0.3 -1.5   0.9   0.034719286356
-0.3 -1.5   1.5   0.034719286356
-0.3 -1.5   2.1   0.034719286356
-0.3 -0.9  -2.1   0.034719286356
-0.3 -0.9  -1.5   0.034719286356
-0.3 -0.9  -0.9   0.034719286356
-0.3 -0.9  -0.3   0.034719286356
-0.3 -0.9   0.3   0.034719286356
-0.3 -0.9   0.9   0.034719286356
-0.3 -0.9   1.5   0.034719286356
-0.3 -0.9   2.1   0.034719286356
-0.3 -0.3  -2.1   0.034719286356
-0.3 -0.3  -1.5   0.034719286356
-0.3 -0.3  -0.9   0.034719286356
-0.3 -0.3  -0.3   0.034719286356
-0.3 -0.3   0.3   0.034719286356
-0.3 -0.3   0.9   0.034719286356
-0.3 -0.3   1.5   0.034719286356
-0.3 -0.3   2.1   0.034719286356
-0.3  0.3  -2.1   0.031072031226
-0.3  0.3  -1.5   0.034719286356
-0.3  0.3  -0.9   0.034719286356
-0.3  0.3  -0.3   0.034719286356
-0.3  0.3   0.3   0.021625403992
-0.3  0.3   0.9   0.007443148732
-0.3  0.3   1.5   0.034719286356
-0.3  0.3   2.1   0.034719286356
-0.3  0.9  -2.1   0.014612689349
-0.3  0.9  -1.5   0.034719286356
-0.3  0.9  -0.9   0.034719286356
-0.3  0.9  -0.3   0.022711565966
-0.3  0.9   0.3   0.005707132335
-0.3  0.9   0.9   0.013041647891
-0.3  0.9   1.5   0.034719286356
-0.3  0.9   2.1   0.034719286356
-0.3  1.5  -2.1   0.006729076127
-0.3  1.5  -1.5   0.018160777170
-0.3  1.5  -0.9   0.020011571708
-0.3  1.5  -0.3   0.008882166631
-0.3  1.5   0.3   0.004107779382
-0.3  1.5   0.9   0.031442505454
-0.3  1.5   1.5   0.034719286356
-0.3  1.5   2.1   0.034719286356
-0.3  2.1  -2.1   0.009642085359
-0.3  2.1  -1.5   0.007171149510
-0.3  2.1  -0.9   0.005182629465
-0.3  2.1  -0.3   0.002961902666
-0.3  2.1   0.3   0.011423590270
-0.3  2.1   0.9   0.034719286356
-0.3  2.1   1.5   0.034719286356
-0.3  2.1   2.1   0.034719286356
 0.3 -2.1  -2.1   0.034719286356
 0.3 -2.1  -1.5   0.034719286356
 0.3 -2.1  -0.9   0.034719286356
 0.3 -2.1  -0.3   0.034719286356
 0.3 -2.1   0.3   0.034719286356
 0.3 -2.1   0.9   0.034719286356
 0.3 -2.1   1.5   0.034719286356
 0.3 -2.1   2.1   0.034719286356
 0.3 -1.5  -2.1   0.034719286356
 0.3 -1.5  -1.5   0.034719286356
 0.3 -1.5  -0.9   0.034719286356
 0.3 -1.5  -0.3   0.034719286356
 0.3 -1.5   0.3   0.034719286356
 0.3 -1.5   0.9   0.034719286356
 0.3 -1.5   1.5   0.034719286356
 0.3 -1.5   2.1   0.034719286356
 0.3 -0.9  -2.1   0.027282677349
 0.3 -0.9  -1.5   0.034719286356
 0.3 -0.9  -0.9   0.034719286356
 0.3 -0.9  -0.3   0.034719286356
 0.3 -0.9   0.3   0.034719286356
 0.3 -0.9   0.9   0.034719286356
 0.3 -0.9   1.5   0.034719286356
 0.3 -0.9   2.1   0.034719286356
 0.3 -0.3  -2.1   0.011244851912
 0.3 -0.3  -1.5   0.034719286356
 0.3 -0.3  -0.9   0.034719286356
 0.3 -0.3  -0.3   0.034719286356
 0.3 -0.3   0.3   0.027242496372
 0.3 -0.3   0.9   0.034719286356
 0.3 -0.3   1.5   0.034719286356
 0.3 -0.3   2.1   0.034719286356
 0.3  0.3  -2.1   0.003056612713
 0.3  0.3  -1.5   0.007231763481
 0.3  0.3  -0.9   0.010081278776
 0.3  0.3  -0.3   0.006380161882
 0.3  0.3   0.3   0.002583911712
 0.3  0.3   0.9   0.005747450453
 0.3  0.3   1.5   0.031175582887
 0.3  0.3   2.1   0.034719286356
 0.3  0.9  -2.1   0.000352190358
 0.3  0.9  -1.5   0.001068490551
 0.3  0.9  -0.9   0.001281248255
 0.3  0.9  -0.3   0.000109557055
 0.3  0.9   0.3  -0.000692834817
 0.3  0.9   0.9   0.004955715319
 0.3  0.9   1.5   0.034719286356
 0.3  0.9   2.1   0.034719286356
 0.3  1.5  -2.1  -0.000629862364
 0.3  1.5  -1.5  -0.000532918825
 0.3  1.5  -0.9  -0.000631213638
 0.3  1.5  -0.3  -0.001113770750
 0.3  1.5   0.3  -0.000698665574
 0.3  1.5   0.9   0.010328509953
 0.3  1.5   1.5   0.034719286356
 0.3  1.5   2.1   0.034719286356
 0.3  2.1  -2.1   0.001978446244
 0.3  2.1  -1.5   0.000156152074
 0.3  2.1  -0.9  -0.000816933698
 0.3  2.1  -0.3  -0.001169694146
 0.3  2.1   0.3   0.000351566452
 0.3  2.1   0.9   0.013507022081
 0.3  2.1   1.5   0.034719286356
 0.3  2.1   2.1   0.034719286356
 0.9 -2.1  -2.1   0.034719286356
 0.9 -2.1  -1.5   0.034719286356
 0.9 -2.1  -0.9   0.034719286356
 0.9 -2.1  -0.3   0.034719286356
 0.9 -2.1   0.3   0.034719286356
 0.9 -2.1   0.9   0.034719286356
 0.9 -2.1   1.5   0.034719286356
 0.9 -2.1   2.1   0.034719286356
 0.9 -1.5  -2.1   0.034719286356
 0.9 -1.5  -1.5   0.034719286356
 0.9 -1.5  -0.9   0.034719286356
 0.9 -1.5  -0.3   0.034719286356
 0.9 -1.5   0.3   0.034719286356
 0.9 -1.5   0.9   0.034719286356
 0.9 -1.5   1.5   0.034719286356
 0.9 -1.5   2.1   0.034719286356
 0.9 -0.9  -2.1   0.034719286356
 0.9 -0.9  -1.5   0.034719286356
 0.9 -0.9  -0.9   0.034719286356
 0.9 -0.9  -0.3   0.034719286356
 0.9 -0.9   0.3   0.034719286356
 0.9 -0.9   0.9   0.034719286356
 0.9 -0.9   1.5   0.034719286356
 0.9 -0.9   2.1   0.034719286356
 0.9 -0.3  -2.1   0.026461678023
 0.9 -0.3  -1.5   0.009544674846
 0.9 -0.3  -0.9   0.008306537182
 0.9 -0.3  -0.3   0.011028825040
 0.9 -0.3   0.3   0.027813580025
 0.9 -0.3   0.9   0.034719286356
 0.9 -0.3   1.5   0.034719286356
 0.9 -0.3   2.1   0.034719286356
 0.9  0.3  -2.1   0.015955854243
 0.9  0.3  -1.5   0.002925181813
 0.9  0.3  -0.9   0.000034660264
 0.9  0.3  -0.3  -0.000434758723
 0.9  0.3   0.3   0.000746202526
 0.9  0.3   0.9   0.006291995379
 0.9  0.3   1.5   0.020102013366
 0.9  0.3   2.1   0.034719286356
 0.9  0.9  -2.1   0.007720660682
 0.9  0.9  -1.5   0.000391772080
 0.9  0.9  -0.9  -0.001260276417
 0.9  0.9  -0.3  -0.001637851086
 0.9  0.9   0.3  -0.001567478912
 0.9  0.9   0.9   0.000319034828
 0.9  0.9   1.5   0.018536736004
 0.9  0.9   2.1   0.034719286356
 0.9  1.5  -2.1   0.001629975016
 0.9  1.5  -1.5  -0.000932645094
 0.9  1.5  -0.9  -0.001599190467
 0.9  1.5  -0.3  -0.001766489862
 0.9  1.5   0.3  -0.001628286617
 0.9  1.5   0.9   0.000984981988
 0.9  1.5   1.5   0.033572785387
 0.9  1.5   2.1   0.034719286356
 0.9  2.1  -2.1   0.000204869482
 0.9  2.1  -1.5  -0.000984383427
 0.9  2.1  -0.9  -0.001491707889
 0.9  2.1  -0.3  -0.001682309480
 0.9  2.1   0.3  -0.001483958544
 0.9  2.1   0.9   0.001082251887
 0.9  2.1   1.5   0.026865949393
 0.9  2.1   2.1   0.034719286356
 1.5 -2.1  -2.1   0.034719286356
 1.5 -2.1  -1.5   0.034719286356
 1.5 -2.1  -0.9   0.034719286356
 1.5 -2.1  -0.3   0.034719286356
 1.5 -2.1   0.3   0.034719286356
 1.5 -2.1   0.9   0.034719286356
 1.5 -2.1   1.5   0.034719286356
 1.5 -2.1   2.1   0.034719286356
 1.5 -1.5  -2.1   0.034719286356
 1.5 -1.5  -1.5   0.034719286356
 1.5 -1.5  -0.9   0.034719286356
 1.5 -1.5  -0.3   0.034719286356
 1.5 -1.5   0.3   0.034719286356
 1.5 -1.5   0.9   0.034719286356
 1.5 -1.5   1.5   0.034719286356
 1.5 -1.5   2.1   0.034719286356
 1.5 -0.9  -2.1   0.034719286356
 1.5 -0.9  -1.5   0.034719286356
 1.5 -0.9  -0.9   0.034719286356
 1.5 -0.9  -0.3   0.034719286356
 1.5 -0.9   0.3   0.034719286356
 1.5 -0.9   0.9   0.034719286356
 1.5 -0.9   1.5   0.034719286356
 1.5 -0.9   2.1   0.034719286356
 1.5 -0.3  -2.1   0.034719286356
 1.5 -0.3  -1.5   0.034719286356
 1.5 -0.3  -0.9   0.014285356612
 1.5 -0.3  -0.3   0.011701123052
 1.5 -0.3   0.3   0.024101402608
 1.5 -0.3   0.9   0.034719286356
 1.5 -0.3   1.5   0.034719286356
 1.5 -0.3   2.1   0.034719286356
 1.5  0.3  -2.1   0.034719286356
 1.5  0.3  -1.5   0.027574207211
 1.5  0.3  -0.9   0.002350504366
 1.5  0.3  -0.3  -0.000608633603
 1.5  0.3   0.3   0.000853278194
 1.5  0.3   0.9   0.008461727531
 1.5  0.3   1.5   0.030493218018
 1.5  0.3   2.1   0.034719286356
 1.5  0.9  -2.1   0.034719286356
 1.5  0.9  -1.5   0.011255729117
 1.5  0.9  -0.9  -0.000152778400
 1.5  0.9  -0.3  -0.001600395226
 1.5  0.9   0.3  -0.001573429103
 1.5  0.9   0.9  -0.000475367095
 1.5  0.9   1.5   0.003775573793
 1.5  0.9   2.1   0.018200576235
 1.5  1.5  -2.1   0.024454985556
 1.5  1.5  -1.5   0.002544401859
 1.5  1.5  -0.9  -0.001076567299
 1.5  1.5  -0.3  -0.001621661830
 1.5  1.5   0.3  -0.001723314346
 1.5  1.5   0.9  -0.001338657289
 1.5  1.5   1.5   0.002025833556
 1.5  1.5   2.1   0.020579694501
 1.5  2.1  -2.1   0.003116683675
 1.5  2.1  -1.5  -0.000396749090
 1.5  2.1  -0.9  -0.001163286355
 1.5  2.1  -0.3  -0.001370335860
 1.5  2.1   0.3  -0.001540662777
 1.5  2.1   0.9  -0.001276084802
 1.5  2.1   1.5   0.001646000745
 1.5  2.1   2.1   0.016456626134
 2.1 -2.1  -2.1   0.034719286356
 2.1 -2.1  -1.5   0.034719286356
 2.1 -2.1  -0.9   0.034719286356
 2.1 -2.1  -0.3   0.034719286356
 2.1 -2.1   0.3   0.034719286356
 2.1 -2.1   0.9   0.034719286356
 2.1 -2.1   1.5   0.034719286356
 2.1 -2.1   2.1   0.034719286356
 2.1 -1.5  -2.1   0.034719286356
 2.1 -1.5  -1.5   0.034719286356
 2.1 -1.5  -0.9   0.034719286356
 2.1 -1.5  -0.3   0.034719286356
 2.1 -1.5   0.3   0.034719286356
 2.1 -1.5   0.9   0.034719286356
 2.1 -1.5   1.5   0.034719286356
 2.1 -1.5   2.1   0.034719286356
 2.1 -0.9  -2.1   0.034719286356
 2.1 -0.9  -1.5   0.034719286356
 2.1 -0.9  -0.9   0.034719286356
 2.1 -0.9  -0.3   0.034719286356
 2.1 -0.9   0.3   0.034719286356
 2.1 -0.9   0.9   0.034719286356
 2.1 -0.9   1.5   0.034719286356
 2.1 -0.9   2.1   0.034719286356
 2.1 -0.3  -2.1   0.034719286356
 2.1 -0.3  -1.5   0.034719286356
 2.1 -0.3  -0.9   0.034719286356
 2.1 -0.3  -0.3   0.009909338107
 2.1 -0.3   0.3   0.029584245575
 2.1 -0.3   0.9   0.034719286356
 2.1 -0.3   1.5   0.034719286356
 2.1 -0.3   2.1   0.034719286356
 2.1  0.3  -2.1   0.034719286356
 2.1  0.3  -1.5   0.034719286356
 2.1  0.3  -0.9   0.012654447994
 2.1  0.3  -0.3   0.000340442740
 2.1  0.3   0.3   0.004285759124
 2.1  0.3   0.9   0.034719286356
 2.1  0.3   1.5   0.034719286356
 2.1  0.3   2.1   0.034719286356
 2.1  0.9  -2.1   0.034719286356
 2.1  0.9  -1.5   0.034719286356
 2.1  0.9  -0.9   0.003765300356
 2.1  0.9  -0.3  -0.001046403530
 2.1  0.9   0.3  -0.000881752869
 2.1  0.9   0.9   0.002626272019
 2.1  0.9   1.5   0.012714128017
 2.1  0.9   2.1   0.027906781866
 2.1  1.5  -2.1   0.034719286356
 2.1  1.5  -1.5   0.015979177271
 2.1  1.5  -0.9   0.001300296991
 2.1  1.5  -0.3  -0.000352434781
 2.1  1.5   0.3  -0.001029170265
 2.1  1.5   0.9  -0.001223584381
 2.1  1.5   1.5  -0.000510696746
 2.1  1.5   2.1   0.001490687142
 2.1  2.1  -2.1   0.017733007092
 2.1  2.1  -1.5   0.004425632018
 2.1  2.1  -0.9   0.003973769880
 2.1  2.1  -0.3   0.003378374741
 2.1  2.1   0.3   0.000972212928
 2.1  2.1   0.9  -0.000788504157
 2.1  2.1   1.5  -0.001014365961
 2.1  2.1   2.1   0.000483141090
