-2.1 -2.1  -2.1   0.005774687300
-2.1 -2.1  -1.5   0.006864608632
-2.1 -2.1  -0.9   0.008912379741
-2.1 -2.1  -0.3   0.010275175288
-2.1 -2.1   0.3   0.009523004937
-2.1 -2.1   0.9   0.009798581915
-2.1 -2.1   1.5   0.009757455082
-2.1 -2.1   2.1   0.007526891862
-2.1 -1.5  -2.1   0.006952932851
-2.1 -1.5  -1.5   0.006421078194
-2.1 -1.5  -0.9   0.006463616904
-2.1 -1.5  -0.3   0.006755783017
-2.1 -1.5   0.3   0.006904853258
-2.1 -1.5   0.9   0.007134854507
-2.1 -1.5   1.5   0.006976462561
-2.1 -1.5   2.1   0.005906943393
-2.1 -0.9  -2.1   0.016757113969
-2.1 -0.9  -1.5   0.007143441983
-2.1 -0.9  -0.9   0.005452668490
-2.1 -0.9  -0.3   0.005257216479
-2.1 -0.9   0.3   0.005338892161
-2.1 -0.9   0.9   0.005493824483
-2.1 -0.9   1.5   0.005532544071
-2.1 -0.9   2.1   0.005125094436
-2.1 -0.3  -2.1   0.022705271675
-2.1 -0.3  -1.5   0.006579870114
-2.1 -0.3  -0.9   0.004604349833
-2.1 -0.3  -0.3   0.004339889004
-2.1 -0.3   0.3   0.004423134117
-2.1 -0.3   0.9   0.004789261067
-2.1 -0.3   1.5   0.005739180997
-2.1 -0.3   2.1   0.006843537088
-2.1  0.3  -2.1   0.004629053352
-2.1  0.3  -1.5   0.003940293486
-2.1  0.3  -0.9   0.003610496289
-2.1  0.3  -0.3   0.003610733923
-2.1  0.3   0.3   0.003798409288
-2.1  0.3   0.9   0.004536618843
-2.1  0.3   1.5   0.008228635438
-2.1  0.3   2.1   0.029974009156
-2.1  0.9  -2.1   0.001771307138
-2.1  0.9  -1.5   0.002486697710
-2.1  0.9  -0.9   0.002819220737
-2.1  0.9  -0.3   0.003023386441
-2.1  0.9   0.3   0.003258045931
-2.1  0.9   0.9   0.003936000836
-2.1  0.9   1.5   0.007667186174
-2.1  0.9   2.1   0.043522760166
-2.1  1.5  -2.1   0.001426369678
-2.1  1.5  -1.5   0.001946262975
-2.1  1.5  -0.9   0.002335793420
-2.1  1.5  -0.3   0.002612445410
-2.1  1.5   0.3   0.002830596281
-2.1  1.5   0.9   0.003067957229
-2.1  1.5   1.5   0.003190882477
-2.1  1.5   2.1  -0.000958257149
-2.1  2.1  -2.1   0.001329006652
-2.1  2.1  -1.5   0.001691577793
-2.1  2.1  -0.9   0.002042197149
-2.1  2.1  -0.3   0.002363966138
-2.1  2.1   0.3   0.002658317964
-2.1  2.1   0.9   0.002901436972
-2.1  2.1   1.5   0.002638978190
-2.1  2.1   2.1   0.000045689323
-1.5 -2.1  -2.1   0.007030544813
-1.5 -2.1  -1.5   0.007748259937
-1.5 -2.1  -0.9   0.010761414612
-1.5 -2.1  -0.3   0.013144616504
-1.5 -2.1   0.3   0.011840463959
-1.5 -2.1   0.9   0.016204218233
-1.5 -2.1   1.5   0.022941168081
-1.5 -2.1   2.1   0.010912617468
-1.5 -1.5  -2.1   0.007311576499
-1.5 -1.5  -1.5   0.006612126137
-1.5 -1.5  -0.9   0.006795374366
-1.5 -1.5  -0.3   0.007256311298
-1.5 -1.5   0.3   0.007667665360
-1.5 -1.5   0.9   0.008659071619
-1.5 -1.5   1.5   0.008952419375
-1.5 -1.5   2.1   0.006944210890
-1.5 -0.9  -2.1   0.007738257536
-1.5 -0.9  -1.5   0.006015478276
-1.5 -0.9  -0.9   0.005297683506
-1.5 -0.9  -0.3   0.005269997808
-1.5 -0.9   0.3   0.005486021287
-1.5 -0.9   0.9   0.005792317934
-1.5 -0.9   1.5   0.005861508242
-1.5 -0.9   2.1   0.005321554870
-1.5 -0.3  -2.1   0.006718812173
-1.5 -0.3  -1.5   0.005036682736
-1.5 -0.3  -0.9   0.004278198973
-1.5 -0.3  -0.3   0.004169732856
-1.5 -0.3   0.3   0.004330373623
-1.5 -0.3   0.9   0.004718798589
-1.5 -0.3   1.5   0.005488078608
-1.5 -0.3   2.1   0.006165475987
-1.5  0.3  -2.1   0.003708484302
-1.5  0.3  -1.5   0.003519834462
-1.5  0.3  -0.9   0.003349744034
-1.5  0.3  -0.3   0.003388111523
-1.5  0.3   0.3   0.003609375143
-1.5  0.3   0.9   0.004270241707
-1.5  0.3   1.5   0.006841200786
-1.5  0.3   2.1   0.015049924127
-1.5  0.9  -2.1   0.002110765517
-1.5  0.9  -1.5   0.002430269146
-1.5  0.9  -0.9   0.002616914327
-1.5  0.9  -0.3   0.002787644540
-1.5  0.9   0.3   0.003027218184
-1.5  0.9   0.9   0.003603046063
-1.5  0.9   1.5   0.005943967334
-1.5  0.9   2.1   0.014508020064
-1.5  1.5  -2.1   0.001528174202
-1.5  1.5  -1.5   0.001855211620
-1.5  1.5  -0.9   0.002120550739
-1.5  1.5  -0.3   0.002343726313
-1.5  1.5   0.3   0.002552405762
-1.5  1.5   0.9   0.002745837447
-1.5  1.5   1.5   0.002574841310
-1.5  1.5   2.1  -0.002229786774
-1.5  2.1  -2.1   0.001264530730
-1.5  2.1  -1.5   0.001524393815
-1.5  2.1  -0.9   0.001776361000
-1.5  2.1  -0.3   0.002030118277
-1.5  2.1   0.3   0.002286119588
-1.5  2.1   0.9   0.002459554741
-1.5  2.1   1.5   0.002059661527
-1.5  2.1   2.1  -0.000518558454
-0.9 -2.1  -2.1   0.008880572438
-0.9 -2.1  -1.5   0.007478310887
-0.9 -2.1  -0.9   0.008783443564
-0.9 -2.1  -0.3   0.010177441013
-0.9 -2.1   0.3   0.010878785050
-0.9 -2.1   0.9   0.018106677726
-0.9 -2.1   1.5   0.031930257993
-0.9 -2.1   2.1   0.011576343913
-0.9 -1.5  -2.1   0.009802778814
-0.9 -1.5  -1.5   0.006486651760
-0.9 -1.5  -0.9   0.006265007317
-0.9 -1.5  -0.3   0.006678524025
-0.9 -1.5   0.3   0.007330550246
-0.9 -1.5   0.9   0.008686055731
-0.9 -1.5   1.5   0.009193448421
-0.9 -1.5   2.1   0.006940332577
-0.9 -0.9  -2.1   0.006787352686
-0.9 -0.9  -1.5   0.005263858487
-0.9 -0.9  -0.9   0.004849005195
-0.9 -0.9  -0.3   0.004929806941
-0.9 -0.9   0.3   0.005219973183
-0.9 -0.9   0.9   0.005563164944
-0.9 -0.9   1.5   0.005576167804
-0.9 -0.9   2.1   0.004954664965
-0.9 -0.3  -2.1   0.004329308186
-0.9 -0.3  -1.5   0.004025628562
-0.9 -0.3  -0.9   0.003823837896
-0.9 -0.3  -0.3   0.003856715424
-0.9 -0.3   0.3   0.004035241434
-0.9 -0.3   0.9   0.004287274774
-0.9 -0.3   1.5   0.004515894175
-0.9 -0.3   2.1   0.004408023014
-0.9  0.3  -2.1   0.002837953804
-0.9  0.3  -1.5   0.002967287779
-0.9  0.3  -0.9   0.003003489140
-0.9  0.3  -0.3   0.003099913816
-0.9  0.3   0.3   0.003279725488
-0.9  0.3   0.9   0.003588489440
-0.9  0.3   1.5   0.004117075104
-0.9  0.3   2.1   0.004298343918
-0.9  0.9  -2.1   0.001946953246
-0.9  0.9  -1.5   0.002201815566
-0.9  0.9  -0.9   0.002373563342
-0.9  0.9  -0.3   0.002529279943
-0.9  0.9   0.3   0.002703547686
-0.9  0.9   0.9   0.002931400652
-0.9  0.9   1.5   0.003173979978
-0.9  0.9   2.1   0.002277265318
-0.9  1.5  -2.1   0.001453231926
-0.9  1.5  -1.5   0.001705416290
-0.9  1.5  -0.9   0.001915164658
-0.9  1.5  -0.3   0.002097542867
-0.9  1.5   0.3   0.002252365947
-0.9  1.5   0.9   0.002315848245
-0.9  1.5   1.5   0.001948718094
-0.9  1.5   2.1  -0.000179941805
-0.9  2.1  -2.1   0.001149235456
-0.9  2.1  -1.5   0.001362153151
-0.9  2.1  -0.9   0.001564198425
-0.9  2.1  -0.3   0.001766501790
-0.9  2.1   0.3   0.001955213431
-0.9  2.1   0.9   0.002039116608
-0.9  2.1   1.5   0.001724879668
-0.9  2.1   2.1   0.000459868012
-0.3 -2.1  -2.1   0.008740806057
-0.3 -2.1  -1.5   0.006318275258
-0.3 -2.1  -0.9   0.006423098956
-0.3 -2.1  -0.3   0.007103316174
-0.3 -2.1   0.3   0.008011338483
-0.3 -2.1   0.9   0.009885512970
-0.3 -2.1   1.5   0.010623007447
-0.3 -2.1   2.1   0.007486464441
-0.3 -1.5  -2.1   0.010138482920
-0.3 -1.5  -1.5   0.005701901576
-0.3 -1.5  -0.9   0.005221233166
-0.3 -1.5  -0.3   0.005511542163
-0.3 -1.5   0.3   0.006081379134
-0.3 -1.5   0.9   0.006824707836
-0.3 -1.5   1.5   0.006909577654
-0.3 -1.5   2.1   0.005697084912
-0.3 -0.9  -2.1   0.006159235258
-0.3 -0.9  -1.5   0.004513457336
-0.3 -0.9  -0.9   0.004177238356
-0.3 -0.9  -0.3   0.004301005770
-0.3 -0.9   0.3   0.004597971137
-0.3 -0.9   0.9   0.004882459400
-0.3 -0.9   1.5   0.004861677717
-0.3 -0.9   2.1   0.004356244857
-0.3 -0.3  -2.1   0.003464490921
-0.3 -0.3  -1.5   0.003345249003
-0.3 -0.3  -0.9   0.003309814948
-0.3 -0.3  -0.3   0.003417170364
-0.3 -0.3   0.3   0.003602818004
-0.3 -0.3   0.9   0.003771938745
-0.3 -0.3   1.5   0.003793933407
-0.3 -0.3   2.1   0.003552607101
-0.3  0.3  -2.1   0.002294708805
-0.3  0.3  -1.5   0.002504035002
-0.3  0.3  -0.9   0.002626303492
-0.3  0.3  -0.3   0.002758879477
-0.3  0.3   0.3   0.002909712390
-0.3  0.3   0.9   0.003042583024
-0.3  0.3   1.5   0.003070306152
-0.3  0.3   2.1   0.002839341310
-0.3  0.9  -2.1   0.001683215330
-0.3  0.9  -1.5   0.001929019693
-0.3  0.9  -0.9   0.002106633466
-0.3  0.9  -0.3   0.002257109927
-0.3  0.9   0.3   0.002387186836
-0.3  0.9   0.9   0.002462363700
-0.3  0.9   1.5   0.002366866059
-0.3  0.9   2.1   0.001880441764
-0.3  1.5  -2.1   0.001300624590
-0.3  1.5  -1.5   0.001525820055
-0.3  1.5  -0.9   0.001712996649
-0.3  1.5  -0.3   0.001870845866
-0.3  1.5   0.3   0.001988792546
-0.3  1.5   0.9   0.002010841177
-0.3  1.5   1.5   0.001791112605
-0.3  1.5   2.1   0.001125470723
-0.3  2.1  -2.1   0.001014826292
-0.3  2.1  -1.5   0.001212737775
-0.3  2.1  -0.9   0.001394447910
-0.3  2.1  -0.3   0.001563552548
-0.3  2.1   0.3   0.001703345042
-0.3  2.1   0.9   0.001754882954
-0.3  2.1   1.5   0.001603213533
-0.3  2.1   2.1   0.001158603730
 0.3 -2.1  -2.1   0.005406046039
 0.3 -2.1  -1.5   0.004665276475
 0.3 -2.1  -0.9   0.004685559387
 0.3 -2.1  -0.3   0.005159236300
 0.3 -2.1   0.3   0.005868856190
 0.3 -2.1   0.9   0.006547056999
 0.3 -2.1   1.5   0.006575634479
 0.3 -2.1   2.1   0.005671908737
 0.3 -1.5  -2.1   0.005357988207
 0.3 -1.5  -1.5   0.004197009005
 0.3 -1.5  -0.9   0.004028934551
 0.3 -1.5  -0.3   0.004333115121
 0.3 -1.5   0.3   0.004872905719
 0.3 -1.5   0.9   0.005402293942
 0.3 -1.5   1.5   0.005505671813
 0.3 -1.5   2.1   0.004906208465
 0.3 -0.9  -2.1   0.003846252552
 0.3 -0.9  -1.5   0.003419175023
 0.3 -0.9  -0.9   0.003349425883
 0.3 -0.9  -0.3   0.003556004488
 0.3 -0.9   0.3   0.003911284696
 0.3 -0.9   0.9   0.004245540364
 0.3 -0.9   1.5   0.004326598459
 0.3 -0.9   2.1   0.003994062809
 0.3 -0.3  -2.1   0.002523982353
 0.3 -0.3  -1.5   0.002643617716
 0.3 -0.3  -0.9   0.002735418968
 0.3 -0.3  -0.3   0.002910634637
 0.3 -0.3   0.3   0.003144262202
 0.3 -0.3   0.9   0.003346618229
 0.3 -0.3   1.5   0.003394950690
 0.3 -0.3   2.1   0.003210671406
 0.3  0.3  -2.1   0.001822092976
 0.3  0.3  -1.5   0.002066007146
 0.3  0.3  -0.9   0.002232465600
 0.3  0.3  -0.3   0.002396425848
 0.3  0.3   0.3   0.002561824958
 0.3  0.3   0.9   0.002683363571
 0.3  0.3   1.5   0.002690600101
 0.3  0.3   2.1   0.002545773764
 0.3  0.9  -2.1   0.001421425057
 0.3  0.9  -1.5   0.001656590282
 0.3  0.9  -0.9   0.001837032599
 0.3  0.9  -0.3   0.001990679258
 0.3  0.9   0.3   0.002116797336
 0.3  0.9   0.9   0.002182929735
 0.3  0.9   1.5   0.002134831427
 0.3  0.9   2.1   0.001949259953
 0.3  1.5  -2.1   0.001141471866
 0.3  1.5  -1.5   0.001349361377
 0.3  1.5  -0.9   0.001524200138
 0.3  1.5  -0.3   0.001670413981
 0.3  1.5   0.3   0.001778388291
 0.3  1.5   0.9   0.001816339702
 0.3  1.5   1.5   0.001736021495
 0.3  1.5   2.1   0.001521452111
 0.3  2.1  -2.1   0.000901894304
 0.3  2.1  -1.5   0.001092070051
 0.3  2.1  -0.9   0.001263227223
 0.3  2.1  -0.3   0.001412411058
 0.3  2.1   0.3   0.001526955129
 0.3  2.1   0.9   0.001578053896
 0.3  2.1   1.5   0.001529345834
 0.3  2.1   2.1   0.001376952630
 0.9 -2.1  -2.1   0.003097828205
 0.9 -2.1  -1.5   0.003055997610
 0.9 -2.1  -0.9   0.003139459031
 0.9 -2.1  -0.3   0.003706637196
 0.9 -2.1   0.3   0.004820180507
 0.9 -2.1   0.9   0.005992394239
 0.9 -2.1   1.5   0.006627882247
 0.9 -2.1   2.1   0.006109684596
 0.9 -1.5  -2.1   0.002708840489
 0.9 -1.5  -1.5   0.002704933016
 0.9 -1.5  -0.9   0.002761151365
 0.9 -1.5  -0.3   0.003200379144
 0.9 -1.5   0.3   0.004074546838
 0.9 -1.5   0.9   0.005088555338
 0.9 -1.5   1.5   0.005784946485
 0.9 -1.5   2.1   0.005516720066
 0.9 -0.9  -2.1   0.002204269815
 0.9 -0.9  -1.5   0.002326875606
 0.9 -0.9  -0.9   0.002431287143
 0.9 -0.9  -0.3   0.002751602907
 0.9 -0.9   0.3   0.003320800093
 0.9 -0.9   0.9   0.003971528465
 0.9 -0.9   1.5   0.004400232005
 0.9 -0.9   2.1   0.004249132298
 0.9 -0.3  -2.1   0.001742581681
 0.9 -0.3  -1.5   0.001961105978
 0.9 -0.3  -0.9   0.002122863538
 0.9 -0.3  -0.3   0.002366680217
 0.9 -0.3   0.3   0.002712859816
 0.9 -0.3   0.9   0.003070024125
 0.9 -0.3   1.5   0.003275716171
 0.9 -0.3   2.1   0.003184509440
 0.9  0.3  -2.1   0.001422408672
 0.9  0.3  -1.5   0.001653681220
 0.9  0.3  -0.9   0.001834703696
 0.9  0.3  -0.3   0.002028633716
 0.9  0.3   0.3   0.002243958655
 0.9  0.3   0.9   0.002433103348
 0.9  0.3   1.5   0.002519006396
 0.9  0.3   2.1   0.002450686108
 0.9  0.9  -2.1   0.001194673653
 0.9  0.9  -1.5   0.001403632082
 0.9  0.9  -0.9   0.001577612140
 0.9  0.9  -0.3   0.001737851192
 0.9  0.9   0.3   0.001883169336
 0.9  0.9   0.9   0.001986311749
 0.9  0.9   1.5   0.002009273922
 0.9  0.9   2.1   0.001936634870
 0.9  1.5  -2.1   0.001006885564
 0.9  1.5  -1.5   0.001192864847
 0.9  1.5  -0.9   0.001354662449
 0.9  1.5  -0.3   0.001494878420
 0.9  1.5   0.3   0.001606746276
 0.9  1.5   0.9   0.001671508143
 0.9  1.5   1.5   0.001667557582
 0.9  1.5   2.1   0.001591005399
 0.9  2.1  -2.1   0.000828026170
 0.9  2.1  -1.5   0.001004008710
 0.9  2.1  -0.9   0.001161720830
 0.9  2.1  -0.3   0.001295928049
 0.9  2.1   0.3   0.001398392813
 0.9  2.1   0.9   0.001455993445
 0.9  2.1   1.5   0.001456482205
 0.9  2.1   2.1   0.001400732596
 1.5 -2.1  -2.1   0.001779731838
 1.5 -2.1  -1.5   0.001473217577
 1.5 -2.1  -0.9   0.001088834134
 1.5 -2.1  -0.3   0.001844102001
 1.5 -2.1   0.3   0.004965220540
 1.5 -2.1   0.9   0.008377937220
 1.5 -2.1   1.5   0.011379805138
 1.5 -2.1   2.1   0.012169374597
 1.5 -1.5  -2.1   0.001494115901
 1.5 -1.5  -1.5   0.001323426599
 1.5 -1.5  -0.9   0.001066763743
 1.5 -1.5  -0.3   0.001547615383
 1.5 -1.5   0.3   0.003424228015
 1.5 -1.5   0.9   0.006014125588
 1.5 -1.5   1.5   0.009089543489
 1.5 -1.5   2.1   0.010076176607
 1.5 -0.9  -2.1   0.001333753680
 1.5 -0.9  -1.5   0.001349834469
 1.5 -0.9  -0.9   0.001336456008
 1.5 -0.9  -0.3   0.001702375790
 1.5 -0.9   0.3   0.002693739397
 1.5 -0.9   0.9   0.004061856472
 1.5 -0.9   1.5   0.005344812127
 1.5 -0.9   2.1   0.005519888958
 1.5 -0.3  -2.1   0.001222132598
 1.5 -0.3  -1.5   0.001352595118
 1.5 -0.3  -0.9   0.001472149964
 1.5 -0.3  -0.3   0.001752047446
 1.5 -0.3   0.3   0.002265169907
 1.5 -0.3   0.9   0.002890467496
 1.5 -0.3   1.5   0.003367418627
 1.5 -0.3   2.1   0.003391171173
 1.5  0.3  -2.1   0.001121139338
 1.5  0.3  -1.5   0.001288412974
 1.5  0.3  -0.9   0.001445430471
 1.5  0.3  -0.3   0.001655812965
 1.5  0.3   0.3   0.001935847979
 1.5  0.3   0.9   0.002225988107
 1.5  0.3   1.5   0.002416442400
 1.5  0.3   2.1   0.002414398136
 1.5  0.9  -2.1   0.001016528902
 1.5  0.9  -1.5   0.001183002154
 1.5  0.9  -0.9   0.001337797379
 1.5  0.9  -0.3   0.001500417126
 1.5  0.9   0.3   0.001670245548
 1.5  0.9   0.9   0.001818017505
 1.5  0.9   1.5   0.001899556525
 1.5  0.9   2.1   0.001885590072
 1.5  1.5  -2.1   0.000904741999
 1.5  1.5  -1.5   0.001061953607
 1.5  1.5  -0.9   0.001206264634
 1.5  1.5  -0.3   0.001340183297
 1.5  1.5   0.3   0.001458571298
 1.5  1.5   0.9   0.001546257038
 1.5  1.5   1.5   0.001585005351
 1.5  1.5   2.1   0.001565961097
 1.5  2.1  -2.1   0.000786940249
 1.5  2.1  -1.5   0.000940861102
 1.5  2.1  -0.9   0.001079946787
 1.5  2.1  -0.3   0.001199840675
 1.5  2.1   0.3   0.001295285653
 1.5  2.1   0.9   0.001359039533
 1.5  2.1   1.5   0.001384609590
 1.5  2.1   2.1   0.001371036146
 2.1 -2.1  -2.1   0.000807953908
 2.1 -2.1  -1.5  -0.000503762892
 2.1 -2.1  -0.9  -0.003790533844
 2.1 -2.1  -0.3  -0.005943117335
 2.1 -2.1   0.3   0.006021245477
 2.1 -2.1   0.9   0.017196074953
 2.1 -2.1   1.5   0.029426326576
 2.1 -2.1   2.1   0.043522760166
 2.1 -1.5  -2.1   0.000688021720
 2.1 -1.5  -1.5  -0.000247008203
 2.1 -1.5  -0.9  -0.002182588081
 2.1 -1.5  -0.3  -0.003069375200
 2.1 -1.5   0.3   0.001374686400
 2.1 -1.5   0.9   0.007336007130
 2.1 -1.5   1.5   0.017987243874
 2.1 -1.5   2.1   0.031808691525
 2.1 -0.9  -2.1   0.000770487340
 2.1 -0.9  -1.5   0.000402616868
 2.1 -0.9  -0.9  -0.000127061216
 2.1 -0.9  -0.3  -0.000007720067
 2.1 -0.9   0.3   0.001592008163
 2.1 -0.9   0.9   0.004003793193
 2.1 -0.9   1.5   0.006575284121
 2.1 -0.9   2.1   0.007347852719
 2.1 -0.3  -2.1   0.000867772025
 2.1 -0.3  -1.5   0.000821459456
 2.1 -0.3  -0.9   0.000792092474
 2.1 -0.3  -0.3   0.001035129224
 2.1 -0.3   0.3   0.001711729266
 2.1 -0.3   0.9   0.002627242278
 2.1 -0.3   1.5   0.003388262112
 2.1 -0.3   2.1   0.003524606298
 2.1  0.3  -2.1   0.000905497554
 2.1  0.3  -1.5   0.000984609745
 2.1  0.3  -0.9   0.001087022282
 2.1  0.3  -0.3   0.001289481022
 2.1  0.3   0.3   0.001619673841
 2.1  0.3   0.9   0.001999212330
 2.1  0.3   1.5   0.002279883647
 2.1  0.3   2.1   0.002333331773
 2.1  0.9  -2.1   0.000886329695
 2.1  0.9  -1.5   0.001003522996
 2.1  0.9  -0.9   0.001129876097
 2.1  0.9  -0.3   0.001286004424
 2.1  0.9   0.3   0.001471818320
 2.1  0.9   0.9   0.001653082782
 2.1  0.9   1.5   0.001776058953
 2.1  0.9   2.1   0.001801816592
 2.1  1.5  -2.1   0.000831780443
 2.1  1.5  -1.5   0.000957540329
 2.1  1.5  -0.9   0.001081474000
 2.1  1.5  -0.3   0.001206407389
 2.1  1.5   0.3   0.001327626545
 2.1  1.5   0.9   0.001429889364
 2.1  1.5   1.5   0.001493816029
 2.1  1.5   2.1   0.001508158955
 2.1  2.1  -2.1   0.000763181610
 2.1  2.1  -1.5   0.000892257495
 2.1  2.1  -0.9   0.001011302254
 2.1  2.1  -0.3   0.001117522597
 2.1  2.1   0.3   0.001207258694
 2.1  2.1   0.9   0.001274962700
 2.1  2.1   1.5   0.001315295677
 2.1  2.1   2.1   0.001327542111
-2.1 -2.1  -2.1   0.043522760166
-2.1 -2.1  -1.5   0.043522760166
-2.1 -2.1  -0.9   0.043522760166
-2.1 -2.1  -0.3   0.043522760166
-2.1 -2.1   0.3   0.043522760166
-2.1 -2.1   0.9   0.043522760166
-2.1 -2.1   1.5   0.043522760166
-2.1 -2.1   2.1   0.043522760166
-2.1 -1.5  -2.1   0.043522760166
-2.1 -1.5  -1.5   0.043522760166
-2.1 -1.5  -0.9   0.043522760166
-2.1 -1.5  -0.3   0.043522760166
-2.1 -1.5   0.3   0.043522760166
-2.1 -1.5   0.9   0.043522760166
-2.1 -1.5   1.5   0.043522760166
-2.1 -1.5   2.1   0.043522760166
-2.1 -0.9  -2.1   0.043522760166
-2.1 -0.9  -1.5   0.043522760166
-2.1 -0.9  -0.9   0.043522760166
-2.1 -0.9  -0.3   0.043522760166
-2.1 -0.9   0.3   0.023870342887
-2.1 -0.9   0.9   0.023940444562
-2.1 -0.9   1.5   0.043522760166
-2.1 -0.9   2.1   0.043522760166
-2.1 -0.3  -2.1   0.043522760166
-2.1 -0.3  -1.5   0.043522760166
-2.1 -0.3  -0.9   0.043522760166
-2.1 -0.3  -0.3   0.043522760166
-2.1 -0.3   0.3   0.025558973319
-2.1 -0.3   0.9   0.021946862771
-2.1 -0.3   1.5   0.043522760166
-2.1 -0.3   2.1   0.043522760166
-2.1  0.3  -2.1   0.043522760166
-2.1  0.3  -1.5   0.043522760166
-2.1  0.3  -0.9   0.043522760166
-2.1  0.3  -0.3   0.043522760166
-2.1  0.3   0.3   0.022585143199
-2.1  0.3   0.9   0.043522760166
-2.1  0.3   1.5   0.043522760166
-2.1  0.3   2.1   0.043522760166
-2.1  0.9  -2.1   0.043522760166
-2.1  0.9  -1.5   0.043522760166
-2.1  0.9  -0.9   0.043522760166
-2.1  0.9  -0.3   0.023650360142
-2.1  0.9   0.3   0.023659018560
-2.1  0.9   0.9   0.043522760166
-2.1  0.9   1.5   0.043522760166
-2.1  0.9   2.1   0.043522760166
-2.1  1.5  -2.1   0.043522760166
-2.1  1.5  -1.5   0.043522760166
-2.1  1.5  -0.9   0.014940825188
-2.1  1.5  -0.3   0.014158497481
-2.1  1.5   0.3   0.043522760166
-2.1  1.5   0.9   0.043522760166
-2.1  1.5   1.5   0.043522760166
-2.1  1.5   2.1   0.043522760166
-2.1  2.1  -2.1   0.022450400650
-2.1  2.1  -1.5   0.009003664814
-2.1  2.1  -0.9   0.007207943149
-2.1  2.1  -0.3   0.043522760166
-2.1  2.1   0.3   0.043522760166
-2.1  2.1   0.9   0.043522760166
-2.1  2.1   1.5   0.043522760166
-2.1  2.1   2.1   0.043522760166
-1.5 -2.1  -2.1   0.043522760166
-1.5 -2.1  -1.5   0.043522760166
-1.5 -2.1  -0.9   0.043522760166
-1.5 -2.1  -0.3   0.043522760166
-1.5 -2.1   0.3   0.043522760166
-1.5 -2.1   0.9   0.043522760166
-1.5 -2.1   1.5   0.043522760166
-1.5 -2.1   2.1   0.043522760166
-1.5 -1.5  -2.1   0.043522760166
-1.5 -1.5  -1.5   0.043522760166
-1.5 -1.5  -0.9   0.038365818821
-1.5 -1.5  -0.3   0.043522760166
-1.5 -1.5   0.3   0.043522760166
-1.5 -1.5   0.9   0.043522760166
-1.5 -1.5   1.5   0.043522760166
-1.5 -1.5   2.1   0.043522760166
-1.5 -0.9  -2.1   0.043522760166
-1.5 -0.9  -1.5   0.043522760166
-1.5 -0.9  -0.9   0.016323622490
-1.5 -0.9  -0.3   0.006789914871
-1.5 -0.9   0.3   0.006701807396
-1.5 -0.9   0.9   0.015317012425
-1.5 -0.9   1.5   0.040212165290
-1.5 -0.9   2.1   0.043522760166
-1.5 -0.3  -2.1   0.043522760166
-1.5 -0.3  -1.5   0.043522760166
-1.5 -0.3  -0.9   0.022077975086
-1.5 -0.3  -0.3   0.004683371497
-1.5 -0.3   0.3   0.001847616028
-1.5 -0.3   0.9   0.014254423821
-1.5 -0.3   1.5   0.043522760166
-1.5 -0.3   2.1   0.043522760166
-1.5  0.3  -2.1   0.043522760166
-1.5  0.3  -1.5   0.043522760166
-1.5  0.3  -0.9   0.018007246499
-1.5  0.3  -0.3   0.003482212518
-1.5  0.3   0.3   0.004617790532
-1.5  0.3   0.9   0.043522760166
-1.5  0.3   1.5   0.043522760166
-1.5  0.3   2.1   0.043522760166
-1.5  0.9  -2.1   0.043522760166
-1.5  0.9  -1.5   0.043522760166
-1.5  0.9  -0.9   0.007493388042
-1.5  0.9  -0.3   0.001875323053
-1.5  0.9   0.3   0.012757700471
-1.5  0.9   0.9   0.043522760166
-1.5  0.9   1.5   0.043522760166
-1.5  0.9   2.1   0.043522760166
-1.5  1.5  -2.1   0.036528780999
-1.5  1.5  -1.5   0.009433849433
-1.5  1.5  -0.9   0.001486517697
-1.5  1.5  -0.3   0.004800877292
-1.5  1.5   0.3   0.043428256585
-1.5  1.5   0.9   0.043522760166
-1.5  1.5   1.5   0.043522760166
-1.5  1.5   2.1   0.043522760166
-1.5  2.1  -2.1   0.008104368818
-1.5  2.1  -1.5   0.004453466869
-1.5  2.1  -0.9   0.004140648771
-1.5  2.1  -0.3   0.026664934965
-1.5  2.1   0.3   0.043522760166
-1.5  2.1   0.9   0.043522760166
-1.5  2.1   1.5   0.043522760166
-1.5  2.1   2.1   0.043522760166
-0.9 -2.1  -2.1   0.043522760166
-0.9 -2.1  -1.5   0.043522760166
-0.9 -2.1  -0.9   0.043522760166
-0.9 -2.1  -0.3   0.043522760166
-0.9 -2.1   0.3   0.043522760166
-0.9 -2.1   0.9   0.043522760166
-0.9 -2.1   1.5   0.043522760166
-0.9 -2.1   2.1   0.043522760166
-0.9 -1.5  -2.1   0.043522760166
-0.9 -1.5  -1.5   0.043522760166
-0.9 -1.5  -0.9   0.018858895082
-0.9 -1.5  -0.3   0.034169009585
-0.9 -1.5   0.3   0.043522760166
-0.9 -1.5   0.9   0.043522760166
-0.9 -1.5   1.5   0.043522760166
-0.9 -1.5   2.1   0.043522760166
-0.9 -0.9  -2.1   0.043522760166
-0.9 -0.9  -1.5   0.022739073191
-0.9 -0.9  -0.9   0.002200320124
-0.9 -0.9  -0.3   0.001081299474
-0.9 -0.9   0.3   0.004526700442
-0.9 -0.9   0.9   0.015856034411
-0.9 -0.9   1.5   0.038418372118
-0.9 -0.9   2.1   0.043522760166
-0.9 -0.3  -2.1   0.043522760166
-0.9 -0.3  -1.5   0.015806414547
-0.9 -0.3  -0.9   0.000933602811
-0.9 -0.3  -0.3  -0.001581314621
-0.9 -0.3   0.3  -0.000931962874
-0.9 -0.3   0.9   0.007149537345
-0.9 -0.3   1.5   0.043522760166
-0.9 -0.3   2.1   0.043522760166
-0.9  0.3  -2.1   0.043522760166
-0.9  0.3  -1.5   0.010470108073
-0.9  0.3  -0.9   0.000222773859
-0.9  0.3  -0.3  -0.001696395328
-0.9  0.3   0.3   0.000636250962
-0.9  0.3   0.9   0.031044487566
-0.9  0.3   1.5   0.043522760166
-0.9  0.3   2.1   0.043522760166
-0.9  0.9  -2.1   0.016835048870
-0.9  0.9  -1.5   0.003548722259
-0.9  0.9  -0.9  -0.000980783659
-0.9  0.9  -0.3  -0.001363052767
-0.9  0.9   0.3   0.005205305142
-0.9  0.9   0.9   0.043522760166
-0.9  0.9   1.5   0.043522760166
-0.9  0.9   2.1   0.043522760166
-0.9  1.5  -2.1   0.002863672709
-0.9  1.5  -1.5  -0.000281628382
-0.9  1.5  -0.9  -0.001414758676
-0.9  1.5  -0.3   0.000644838002
-0.9  1.5   0.3   0.017694770490
-0.9  1.5   0.9   0.043522760166
-0.9  1.5   1.5   0.043522760166
-0.9  1.5   2.1   0.043522760166
-0.9  2.1  -2.1   0.003935654830
-0.9  2.1  -1.5   0.002752764965
-0.9  2.1  -0.9   0.002142408740
-0.9  2.1  -0.3   0.010053711464
-0.9  2.1   0.3   0.043522760166
-0.9  2.1   0.9   0.043522760166
-0.9  2.1   1.5   0.043522760166
-0.9  2.1   2.1   0.043522760166
-0.3 -2.1  -2.1   0.043522760166
-0.3 -2.1  -1.5   0.043522760166
-0.3 -2.1  -0.9   0.043522760166
-0.3 -2.1  -0.3   0.043522760166
-0.3 -2.1   0.3   0.043522760166
-0.3 -2.1   0.9   0.043522760166
-0.3 -2.1   1.5   0.043522760166
-0.3 -2.1   2.1   0.043522760166
-0.3 -1.5  -2.1   0.043522760166
-0.3 -1.5  -1.5   0.043522760166
-0.3 -1.5  -0.9   0.008663512682
-0.3 -1.5  -0.3   0.015300368886
-0.3 -1.5   0.3   0.043522760166
-0.3 -1.5   0.9   0.043522760166
-0.3 -1.5   1.5   0.043522760166
-0.3 -1.5   2.1   0.043522760166
-0.3 -0.9  -2.1   0.043522760166
-0.3 -0.9  -1.5   0.021589275421
-0.3 -0.9  -0.9   0.000426213168
-0.3 -0.9  -0.3   0.000506599270
-0.3 -0.9   0.3   0.005112313107
-0.3 -0.9   0.9   0.016709252425
-0.3 -0.9   1.5   0.035258971829
-0.3 -0.9   2.1   0.043522760166
-0.3 -0.3  -2.1   0.043522760166
-0.3 -0.3  -1.5   0.004700000238
-0.3 -0.3  -0.9  -0.001557895459
-0.3 -0.3  -0.3  -0.001978561216
-0.3 -0.3   0.3  -0.000854963277
-0.3 -0.3   0.9   0.003600742838
-0.3 -0.3   1.5   0.022955554530
-0.3 -0.3   2.1   0.043522760166
-0.3  0.3  -2.1   0.008298983887
-0.3  0.3  -1.5  -0.000228696001
-0.3  0.3  -0.9  -0.002076787733
-0.3  0.3  -0.3  -0.002319924151
-0.3  0.3   0.3  -0.001206339058
-0.3  0.3   0.9   0.007858548787
-0.3  0.3   1.5   0.043522760166
-0.3  0.3   2.1   0.043522760166
-0.3  0.9  -2.1   0.000068752469
-0.3  0.9  -1.5  -0.001616079296
-0.3  0.9  -0.9  -0.002240189584
-0.3  0.9  -0.3  -0.002154840581
-0.3  0.9   0.3   0.000174473170
-0.3  0.9   0.9   0.020043976754
-0.3  0.9   1.5   0.043522760166
-0.3  0.9   2.1   0.043522760166
-0.3  1.5  -2.1  -0.001473826025
-0.3  1.5  -1.5  -0.001906737781
-0.3  1.5  -0.9  -0.002094143304
-0.3  1.5  -0.3  -0.001425790825
-0.3  1.5   0.3   0.003612891782
-0.3  1.5   0.9   0.036802279765
-0.3  1.5   1.5   0.043522760166
-0.3  1.5   2.1   0.043522760166
-0.3  2.1  -2.1   0.001361200873
-0.3  2.1  -1.5   0.000881729339
-0.3  2.1  -0.9   0.000274747869
-0.3  2.1  -0.3   0.001826637623
-0.3  2.1   0.3   0.015030803272
-0.3  2.1   0.9   0.043522760166
-0.3  2.1   1.5   0.043522760166
-0.3  2.1   2.1   0.043522760166
 0.3 -2.1  -2.1   0.043522760166
 0.3 -2.1  -1.5   0.043522760166
 0.3 -2.1  -0.9   0.039491837931
 0.3 -2.1  -0.3   0.043522760166
 0.3 -2.1   0.3   0.043522760166
 0.3 -2.1   0.9   0.043522760166
 0.3 -2.1   1.5   0.043522760166
 0.3 -2.1   2.1   0.043522760166
 0.3 -1.5  -2.1   0.043522760166
 0.3 -1.5  -1.5   0.043522760166
 0.3 -1.5  -0.9   0.015895904306
 0.3 -1.5  -0.3   0.041676911162
 0.3 -1.5   0.3   0.043522760166
 0.3 -1.5   0.9   0.043522760166
 0.3 -1.5   1.5   0.043522760166
 0.3 -1.5   2.1   0.043522760166
 0.3 -0.9  -2.1   0.043522760166
 0.3 -0.9  -1.5   0.016354113666
 0.3 -0.9  -0.9   0.003742147416
 0.3 -0.9  -0.3   0.010166323124
 0.3 -0.9   0.3   0.028540122226
 0.3 -0.9   0.9   0.043522760166
 0.3 -0.9   1.5   0.043522760166
 0.3 -0.9   2.1   0.043522760166
 0.3 -0.3  -2.1   0.043522760166
 0.3 -0.3  -1.5   0.002804463475
 0.3 -0.3  -0.9  -0.000886108164
 0.3 -0.3  -0.3   0.000377256156
 0.3 -0.3   0.3   0.004723061643
 0.3 -0.3   0.9   0.016350435557
 0.3 -0.3   1.5   0.038558905370
 0.3 -0.3   2.1   0.043522760166
 0.3  0.3  -2.1   0.004207992844
 0.3  0.3  -1.5  -0.001256633960
 0.3  0.3  -0.9  -0.002124778540
 0.3  0.3  -0.3  -0.001942989629
 0.3  0.3   0.3  -0.000901830761
 0.3  0.3   0.9   0.002787722881
 0.3  0.3   1.5   0.016532711053
 0.3  0.3   2.1   0.043522760166
 0.3  0.9  -2.1  -0.001317781262
 0.3  0.9  -1.5  -0.002125071448
 0.3  0.9  -0.9  -0.002341417866
 0.3  0.9  -0.3  -0.002307437036
 0.3  0.9   0.3  -0.001658075713
 0.3  0.9   0.9   0.002341280334
 0.3  0.9   1.5   0.024885261447
 0.3  0.9   2.1   0.043522760166
 0.3  1.5  -2.1  -0.002009717419
 0.3  1.5  -1.5  -0.002176035730
 0.3  1.5  -0.9  -0.002267439184
 0.3  1.5  -0.3  -0.002170080075
 0.3  1.5   0.3  -0.001102579492
 0.3  1.5   0.9   0.004873383164
 0.3  1.5   1.5   0.035607915124
 0.3  1.5   2.1   0.043522760166
 0.3  2.1  -2.1  -0.000429262807
 0.3  2.1  -1.5  -0.000608072150
 0.3  2.1  -0.9  -0.000979799610
 0.3  2.1  -0.3  -0.001004577117
 0.3  2.1   0.3   0.000927110086
 0.3  2.1   0.9   0.010487299563
 0.3  2.1   1.5   0.043522760166
 0.3  2.1   2.1   0.043522760166
 0.9 -2.1  -2.1   0.043522760166
 0.9 -2.1  -1.5   0.043522760166
 0.9 -2.1  -0.9   0.043522760166
 0.9 -2.1  -0.3   0.043522760166
 0.9 -2.1   0.3   0.043522760166
 0.9 -2.1   0.9   0.043522760166
 0.9 -2.1   1.5   0.043522760166
 0.9 -2.1   2.1   0.043522760166
 0.9 -1.5  -2.1   0.043522760166
 0.9 -1.5  -1.5   0.043522760166
 0.9 -1.5  -0.9   0.043522760166
 0.9 -1.5  -0.3   0.043522760166
 0.9 -1.5   0.3   0.043522760166
 0.9 -1.5   0.9   0.043522760166
 0.9 -1.5   1.5   0.043522760166
 0.9 -1.5   2.1   0.043522760166
 0.9 -0.9  -2.1   0.043522760166
 0.9 -0.9  -1.5   0.019841646406
 0.9 -0.9  -0.9   0.037496551353
 0.9 -0.9  -0.3   0.043522760166
 0.9 -0.9   0.3   0.043522760166
 0.9 -0.9   0.9   0.043522760166
 0.9 -0.9   1.5   0.043522760166
 0.9 -0.9   2.1   0.043522760166
 0.9 -0.3  -2.1   0.026360667349
 0.9 -0.3  -1.5   0.004563638208
 0.9 -0.3  -0.9   0.005284283719
 0.9 -0.3  -0.3   0.013357481971
 0.9 -0.3   0.3   0.034080050369
 0.9 -0.3   0.9   0.043522760166
 0.9 -0.3   1.5   0.043522760166
 0.9 -0.3   2.1   0.043522760166
 0.9  0.3  -2.1   0.005242254660
 0.9  0.3  -1.5  -0.000483239735
 0.9  0.3  -0.9  -0.001146807321
 0.9  0.3  -0.3  -0.000076768056
 0.9  0.3   0.3   0.003046993621
 0.9  0.3   0.9   0.011718302099
 0.9  0.3   1.5   0.027507193513
 0.9  0.3   2.1   0.041577384619
 0.9  0.9  -2.1  -0.000241819854
 0.9  0.9  -1.5  -0.001853723142
 0.9  0.9  -0.9  -0.002196943193
 0.9  0.9  -0.3  -0.002120434098
 0.9  0.9   0.3  -0.001660607868
 0.9  0.9   0.9  -0.000186871064
 0.9  0.9   1.5   0.004002900106
 0.9  0.9   2.1   0.017427389284
 0.9  1.5  -2.1  -0.001678732051
 0.9  1.5  -1.5  -0.002152459886
 0.9  1.5  -0.9  -0.002304187191
 0.9  1.5  -0.3  -0.002349571420
 0.9  1.5   0.3  -0.002192716698
 0.9  1.5   0.9  -0.001198393108
 0.9  1.5   1.5   0.002937594811
 0.9  1.5   2.1   0.017882176014
 0.9  2.1  -2.1  -0.001251461280
 0.9  2.1  -1.5  -0.001391268137
 0.9  2.1  -0.9  -0.001637654399
 0.9  2.1  -0.3  -0.001885706277
 0.9  2.1   0.3  -0.001797664956
 0.9  2.1   0.9  -0.000464932756
 0.9  2.1   1.5   0.004716901432
 0.9  2.1   2.1   0.021541208885
 1.5 -2.1  -2.1   0.043522760166
 1.5 -2.1  -1.5   0.043522760166
 1.5 -2.1  -0.9   0.043522760166
 1.5 -2.1  -0.3   0.043522760166
 1.5 -2.1   0.3   0.043522760166
 1.5 -2.1   0.9   0.043522760166
 1.5 -2.1   1.5   0.043522760166
 1.5 -2.1   2.1   0.043522760166
 1.5 -1.5  -2.1   0.043522760166
 1.5 -1.5  -1.5   0.043522760166
 1.5 -1.5  -0.9   0.043522760166
 1.5 -1.5  -0.3   0.043522760166
 1.5 -1.5   0.3   0.043522760166
 1.5 -1.5   0.9   0.043522760166
 1.5 -1.5   1.5   0.043522760166
 1.5 -1.5   2.1   0.043522760166
 1.5 -0.9  -2.1   0.043522760166
 1.5 -0.9  -1.5   0.043522760166
 1.5 -0.9  -0.9   0.043522760166
 1.5 -0.9  -0.3   0.043522760166
 1.5 -0.9   0.3   0.043522760166
 1.5 -0.9   0.9   0.043522760166
 1.5 -0.9   1.5   0.043522760166
 1.5 -0.9   2.1   0.043522760166
 1.5 -0.3  -2.1   0.043522760166
 1.5 -0.3  -1.5   0.024554564635
 1.5 -0.3  -0.9   0.040667984815
 1.5 -0.3  -0.3   0.043522760166
 1.5 -0.3   0.3   0.043522760166
 1.5 -0.3   0.9   0.043522760166
 1.5 -0.3   1.5   0.043522760166
 1.5 -0.3   2.1   0.043522760166
 1.5  0.3  -2.1   0.028915962587
 1.5  0.3  -1.5   0.004519925689
 1.5  0.3  -0.9   0.002548790326
 1.5  0.3  -0.3   0.005786306136
 1.5  0.3   0.3   0.013670944641
 1.5  0.3   0.9   0.040357318918
 1.5  0.3   1.5   0.043522760166
 1.5  0.3   2.1   0.043522760166
 1.5  0.9  -2.1   0.007078222256
 1.5  0.9  -1.5  -0.000424951008
 1.5  0.9  -0.9  -0.001714694472
 1.5  0.9  -0.3  -0.001568292611
 1.5  0.9   0.3  -0.000695754844
 1.5  0.9   0.9   0.001559443999
 1.5  0.9   1.5   0.005313593686
 1.5  0.9   2.1   0.009042488422
 1.5  1.5  -2.1   0.000581845335
 1.5  1.5  -1.5  -0.001643633121
 1.5  1.5  -0.9  -0.002167875212
 1.5  1.5  -0.3  -0.002308385397
 1.5  1.5   0.3  -0.002266970879
 1.5  1.5   0.9  -0.001857652812
 1.5  1.5   1.5  -0.000341929602
 1.5  1.5   2.1   0.005629383083
 1.5  2.1  -2.1  -0.000846129897
 1.5  2.1  -1.5  -0.001353672741
 1.5  2.1  -0.9  -0.001721584125
 1.5  2.1  -0.3  -0.002048868318
 1.5  2.1   0.3  -0.002083538113
 1.5  2.1   0.9  -0.001238299997
 1.5  2.1   1.5   0.002210215459
 1.5  2.1   2.1   0.016423014982
 2.1 -2.1  -2.1   0.043522760166
 2.1 -2.1  -1.5   0.043522760166
 2.1 -2.1  -0.9   0.043522760166
 2.1 -2.1  -0.3   0.043522760166
 2.1 -2.1   0.3   0.043522760166
 2.1 -2.1   0.9   0.043522760166
 2.1 -2.1   1.5   0.043522760166
 2.1 -2.1   2.1   0.043522760166
 2.1 -1.5  -2.1   0.043522760166
 2.1 -1.5  -1.5   0.043522760166
 2.1 -1.5  -0.9   0.043522760166
 2.1 -1.5  -0.3   0.043522760166
 2.1 -1.5   0.3   0.043522760166
 2.1 -1.5   0.9   0.043522760166
 2.1 -1.5   1.5   0.043522760166
 2.1 -1.5   2.1   0.043522760166
 2.1 -0.9  -2.1   0.043522760166
 2.1 -0.9  -1.5   0.043522760166
 2.1 -0.9  -0.9   0.043522760166
 2.1 -0.9  -0.3   0.043522760166
 2.1 -0.9   0.3   0.043522760166
 2.1 -0.9   0.9   0.043522760166
 2.1 -0.9   1.5   0.043522760166
 2.1 -0.9   2.1   0.043522760166
 2.1 -0.3  -2.1   0.043522760166
 2.1 -0.3  -1.5   0.043522760166
 2.1 -0.3  -0.9   0.043522760166
 2.1 -0.3  -0.3   0.043522760166
 2.1 -0.3   0.3   0.043522760166
 2.1 -0.3   0.9   0.043522760166
 2.1 -0.3   1.5   0.043522760166
 2.1 -0.3   2.1   0.043522760166
 2.1  0.3  -2.1   0.043522760166
 2.1  0.3  -1.5   0.019556273325
 2.1  0.3  -0.9   0.011917149321
 2.1  0.3  -0.3   0.019230982475
 2.1  0.3   0.3   0.030071278608
 2.1  0.3   0.9   0.043522760166
 2.1  0.3   1.5   0.043522760166
 2.1  0.3   2.1   0.043522760166
 2.1  0.9  -2.1   0.036882056549
 2.1  0.9  -1.5   0.003878166922
 2.1  0.9  -0.9  -0.000492300303
 2.1  0.9  -0.3  -0.000570303099
 2.1  0.9   0.3   0.000563605817
 2.1  0.9   0.9   0.003875320533
 2.1  0.9   1.5   0.009679645092
 2.1  0.9   2.1   0.015374182182
 2.1  1.5  -2.1   0.009807521054
 2.1  1.5  -1.5   0.001056982002
 2.1  1.5  -0.9  -0.000939140212
 2.1  1.5  -0.3  -0.001766200177
 2.1  1.5   0.3  -0.001976916926
 2.1  1.5   0.9  -0.001378518144
 2.1  1.5   1.5   0.001571725251
 2.1  1.5   2.1   0.019032982641
 2.1  2.1  -2.1   0.004775855622
 2.1  2.1  -1.5   0.003224227005
 2.1  2.1  -0.9   0.001180864752
 2.1  2.1  -0.3  -0.000703481004
 2.1  2.1   0.3  -0.001213323156
 2.1  2.1   0.9   0.001042843634
 2.1  2.1   1.5   0.011558912177
 2.1  2.1   2.1   0.043522760166
-2.1 -2.1  -2.1   0.043522760166
-2.1 -2.1  -1.5   0.042141911378
-2.1 -2.1  -0.9   0.043522760166
-2.1 -2.1  -0.3   0.043522760166
-2.1 -2.1   0.3   0.043522760166
-2.1 -2.1   0.9   0.043522760166
-2.1 -2.1   1.5   0.043522760166
-2.1 -2.1   2.1   0.043522760166
-2.1 -1.5  -2.1   0.043522760166
-2.1 -1.5  -1.5   0.043522760166
-2.1 -1.5  -0.9   0.019414442225
-2.1 -1.5  -0.3   0.020660505377
-2.1 -1.5   0.3   0.019179619090
-2.1 -1.5   0.9   0.029704881816
-2.1 -1.5   1.5   0.043522760166
-2.1 -1.5   2.1   0.043522760166
-2.1 -0.9  -2.1   0.043522760166
-2.1 -0.9  -1.5   0.043522760166
-2.1 -0.9  -0.9   0.037467849834
-2.1 -0.9  -0.3   0.015393718243
-2.1 -0.9   0.3   0.004858393055
-2.1 -0.9   0.9   0.004569841942
-2.1 -0.9   1.5   0.017810852220
-2.1 -0.9   2.1   0.043522760166
-2.1 -0.3  -2.1   0.043522760166
-2.1 -0.3  -1.5   0.043522760166
-2.1 -0.3  -0.9   0.043522760166
-2.1 -0.3  -0.3   0.021988503172
-2.1 -0.3   0.3   0.005635186408
-2.1 -0.3   0.9   0.003867512115
-2.1 -0.3   1.5   0.040371811997
-2.1 -0.3   2.1   0.043522760166
-2.1  0.3  -2.1   0.043522760166
-2.1  0.3  -1.5   0.043522760166
-2.1  0.3  -0.9   0.043522760166
-2.1  0.3  -0.3   0.015132416296
-2.1  0.3   0.3   0.004482217569
-2.1  0.3   0.9   0.018321839020
-2.1  0.3   1.5   0.043522760166
-2.1  0.3   2.1   0.043522760166
-2.1  0.9  -2.1   0.043522760166
-2.1  0.9  -1.5   0.043522760166
-2.1  0.9  -0.9   0.015876524491
-2.1  0.9  -0.3   0.004908135653
-2.1  0.9   0.3   0.004339785855
-2.1  0.9   0.9   0.043522760166
-2.1  0.9   1.5   0.043522760166
-2.1  0.9   2.1   0.043522760166
-2.1  1.5  -2.1   0.043522760166
-2.1  1.5  -1.5   0.014247766579
-2.1  1.5  -0.9   0.002210611951
-2.1  1.5  -0.3   0.001821443616
-2.1  1.5   0.3   0.017197256596
-2.1  1.5   0.9   0.043522760166
-2.1  1.5   1.5   0.043522760166
-2.1  1.5   2.1   0.043522760166
-2.1  2.1  -2.1   0.004461761437
-2.1  2.1  -1.5   0.000519322279
-2.1  2.1  -0.9  -0.000153811611
-2.1  2.1  -0.3   0.010783527220
-2.1  2.1   0.3   0.043522760166
-2.1  2.1   0.9   0.043522760166
-2.1  2.1   1.5   0.043522760166
-2.1  2.1   2.1   0.043522760166
-1.5 -2.1  -2.1   0.043522760166
-1.5 -2.1  -1.5   0.043120863164
-1.5 -2.1  -0.9   0.043522760166
-1.5 -2.1  -0.3   0.043522760166
-1.5 -2.1   0.3   0.043522760166
-1.5 -2.1   0.9   0.043522760166
-1.5 -2.1   1.5   0.043522760166
-1.5 -2.1   2.1   0.043522760166
-1.5 -1.5  -2.1   0.043522760166
-1.5 -1.5  -1.5   0.010449255884
-1.5 -1.5  -0.9   0.008405810937
-1.5 -1.5  -0.3   0.015913020066
-1.5 -1.5   0.3   0.022597929750
-1.5 -1.5   0.9   0.043522760166
-1.5 -1.5   1.5   0.043522760166
-1.5 -1.5   2.1   0.043522760166
-1.5 -0.9  -2.1   0.043522760166
-1.5 -0.9  -1.5   0.023311782664
-1.5 -0.9  -0.9   0.002543901415
-1.5 -0.9  -0.3  -0.000036456840
-1.5 -0.9   0.3  -0.000176079596
-1.5 -0.9   0.9   0.002009330937
-1.5 -0.9   1.5   0.008790455951
-1.5 -0.9   2.1   0.027667970071
-1.5 -0.3  -2.1   0.043522760166
-1.5 -0.3  -1.5   0.043522760166
-1.5 -0.3  -0.9   0.004467063815
-1.5 -0.3  -0.3  -0.000359316074
-1.5 -0.3   0.3  -0.001298361406
-1.5 -0.3   0.9   0.001867437599
-1.5 -0.3   1.5   0.038645832508
-1.5 -0.3   2.1   0.043522760166
-1.5  0.3  -2.1   0.043522760166
-1.5  0.3  -1.5   0.035715706638
-1.5  0.3  -0.9   0.003419021823
-1.5  0.3  -0.3  -0.000652852283
-1.5  0.3   0.3  -0.000557629271
-1.5  0.3   0.9   0.016981697069
-1.5  0.3   1.5   0.043522760166
-1.5  0.3   2.1   0.043522760166
-1.5  0.9  -2.1   0.043522760166
-1.5  0.9  -1.5   0.011867050707
-1.5  0.9  -0.9   0.000472039152
-1.5  0.9  -0.3  -0.001171578735
-1.5  0.9   0.3   0.001605659077
-1.5  0.9   0.9   0.043522760166
-1.5  0.9   1.5   0.043522760166
-1.5  0.9   2.1   0.043522760166
-1.5  1.5  -2.1   0.008740690722
-1.5  1.5  -1.5   0.001012614465
-1.5  1.5  -0.9  -0.001245242313
-1.5  1.5  -0.3  -0.000428354487
-1.5  1.5   0.3   0.010790421225
-1.5  1.5   0.9   0.043522760166
-1.5  1.5   1.5   0.043522760166
-1.5  1.5   2.1   0.043522760166
-1.5  2.1  -2.1   0.000670127772
-1.5  2.1  -1.5  -0.000449988346
-1.5  2.1  -0.9  -0.000674679383
-1.5  2.1  -0.3   0.006004219808
-1.5  2.1   0.3   0.043522760166
-1.5  2.1   0.9   0.043522760166
-1.5  2.1   1.5   0.043522760166
-1.5  2.1   2.1   0.043522760166
-0.9 -2.1  -2.1   0.043522760166
-0.9 -2.1  -1.5   0.033933646768
-0.9 -2.1  -0.9   0.043522760166
-0.9 -2.1  -0.3   0.043522760166
-0.9 -2.1   0.3   0.043522760166
-0.9 -2.1   0.9   0.043522760166
-0.9 -2.1   1.5   0.043522760166
-0.9 -2.1   2.1   0.043522760166
-0.9 -1.5  -2.1   0.043522760166
-0.9 -1.5  -1.5   0.009962646617
-0.9 -1.5  -0.9   0.002992242859
-0.9 -1.5  -0.3   0.007400357707
-0.9 -1.5   0.3   0.018727644365
-0.9 -1.5   0.9   0.043522760166
-0.9 -1.5   1.5   0.043522760166
-0.9 -1.5   2.1   0.043522760166
-0.9 -0.9  -2.1   0.043522760166
-0.9 -0.9  -1.5   0.004020206496
-0.9 -0.9  -0.9  -0.001239818071
-0.9 -0.9  -0.3  -0.001472875488
-0.9 -0.9   0.3  -0.000645916931
-0.9 -0.9   0.9   0.002290751280
-0.9 -0.9   1.5   0.008384219296
-0.9 -0.9   2.1   0.020405095976
-0.9 -0.3  -2.1   0.023635653802
-0.9 -0.3  -1.5   0.002575844074
-0.9 -0.3  -0.9  -0.001280399998
-0.9 -0.3  -0.3  -0.001909067554
-0.9 -0.3   0.3  -0.001867557286
-0.9 -0.3   0.9   0.000071392124
-0.9 -0.3   1.5   0.017024956952
-0.9 -0.3   2.1   0.043522760166
-0.9  0.3  -2.1   0.011549555219
-0.9  0.3  -1.5   0.001403475400
-0.9  0.3  -0.9  -0.001300591077
-0.9  0.3  -0.3  -0.001827147274
-0.9  0.3   0.3  -0.001383946738
-0.9  0.3   0.9   0.006866752999
-0.9  0.3   1.5   0.043522760166
-0.9  0.3   2.1   0.043522760166
-0.9  0.9  -2.1   0.003265148845
-0.9  0.9  -1.5  -0.000361109212
-0.9  0.9  -0.9  -0.001560918115
-0.9  0.9  -0.3  -0.001747894069
-0.9  0.9   0.3  -0.000195473338
-0.9  0.9   0.9   0.022587966085
-0.9  0.9   1.5   0.043522760166
-0.9  0.9   2.1   0.043522760166
-0.9  1.5  -2.1  -0.000550916321
-0.9  1.5  -1.5  -0.001395881985
-0.9  1.5  -0.9  -0.001736943307
-0.9  1.5  -0.3  -0.001299456874
-0.9  1.5   0.3   0.003361755445
-0.9  1.5   0.9   0.043522760166
-0.9  1.5   1.5   0.043522760166
-0.9  1.5   2.1   0.043522760166
-0.9  2.1  -2.1  -0.000298037333
-0.9  2.1  -1.5  -0.000708482640
-0.9  2.1  -0.9  -0.000997292278
-0.9  2.1  -0.3   0.001207518525
-0.9  2.1   0.3   0.021943952839
-0.9  2.1   0.9   0.043522760166
-0.9  2.1   1.5   0.043522760166
-0.9  2.1   2.1   0.043522760166
-0.3 -2.1  -2.1   0.043522760166
-0.3 -2.1  -1.5   0.032784638935
-0.3 -2.1  -0.9   0.013732229475
-0.3 -2.1  -0.3   0.033418972284
-0.3 -2.1   0.3   0.043522760166
-0.3 -2.1   0.9   0.043522760166
-0.3 -2.1   1.5   0.043522760166
-0.3 -2.1   2.1   0.043522760166
-0.3 -1.5  -2.1   0.043522760166
-0.3 -1.5  -1.5   0.013488430641
-0.3 -1.5  -0.9   0.000168354306
-0.3 -1.5  -0.3   0.002033034738
-0.3 -1.5   0.3   0.010858328047
-0.3 -1.5   0.9   0.043522760166
-0.3 -1.5   1.5   0.043522760166
-0.3 -1.5   2.1   0.043522760166
-0.3 -0.9  -2.1   0.043522760166
-0.3 -0.9  -1.5   0.003807475949
-0.3 -0.9  -0.9  -0.001627359090
-0.3 -0.9  -0.3  -0.001575132648
-0.3 -0.9   0.3  -0.000427712527
-0.3 -0.9   0.9   0.002665253751
-0.3 -0.9   1.5   0.007769674440
-0.3 -0.9   2.1   0.013532452607
-0.3 -0.3  -2.1   0.016107126354
-0.3 -0.3  -1.5  -0.000356132819
-0.3 -0.3  -0.9  -0.001812471399
-0.3 -0.3  -0.3  -0.001912011434
-0.3 -0.3   0.3  -0.001746063066
-0.3 -0.3   0.9  -0.000775116421
-0.3 -0.3   1.5   0.004412340907
-0.3 -0.3   2.1   0.035376237813
-0.3  0.3  -2.1   0.000681106824
-0.3  0.3  -1.5  -0.001357632007
-0.3  0.3  -0.9  -0.001737655775
-0.3  0.3  -0.3  -0.001831714988
-0.3  0.3   0.3  -0.001708880267
-0.3  0.3   0.9   0.000483010805
-0.3  0.3   1.5   0.020652315699
-0.3  0.3   2.1   0.043522760166
-0.3  0.9  -2.1  -0.001218330014
-0.3  0.9  -1.5  -0.001562357848
-0.3  0.9  -0.9  -0.001698019162
-0.3  0.9  -0.3  -0.001754075606
-0.3  0.9   0.3  -0.001346057999
-0.3  0.9   0.9   0.003876907808
-0.3  0.9   1.5   0.043522760166
-0.3  0.9   2.1   0.043522760166
-0.3  1.5  -2.1  -0.001554337038
-0.3  1.5  -1.5  -0.001646763278
-0.3  1.5  -0.9  -0.001721943623
-0.3  1.5  -0.3  -0.001652709792
-0.3  1.5   0.3  -0.000483504353
-0.3  1.5   0.9   0.008741250860
-0.3  1.5   1.5   0.043522760166
-0.3  1.5   2.1   0.043522760166
-0.3  2.1  -2.1  -0.000921389454
-0.3  2.1  -1.5  -0.001099075910
-0.3  2.1  -0.9  -0.001334957084
-0.3  2.1  -0.3  -0.000996870542
-0.3  2.1   0.3   0.002739846104
-0.3  2.1   0.9   0.023241935162
-0.3  2.1   1.5   0.043522760166
-0.3  2.1   2.1   0.043522760166
 0.3 -2.1  -2.1   0.043522760166
 0.3 -2.1  -1.5   0.024176981188
 0.3 -2.1  -0.9   0.008458395136
 0.3 -2.1  -0.3   0.031482240358
 0.3 -2.1   0.3   0.043522760166
 0.3 -2.1   0.9   0.043522760166
 0.3 -2.1   1.5   0.043522760166
 0.3 -2.1   2.1   0.043522760166
 0.3 -1.5  -2.1   0.043522760166
 0.3 -1.5  -1.5   0.009830380514
 0.3 -1.5  -0.9   0.002128828768
 0.3 -1.5  -0.3   0.009880775082
 0.3 -1.5   0.3   0.030219875756
 0.3 -1.5   0.9   0.043522760166
 0.3 -1.5   1.5   0.043522760166
 0.3 -1.5   2.1   0.043522760166
 0.3 -0.9  -2.1   0.043522760166
 0.3 -0.9  -1.5   0.002391418989
 0.3 -0.9  -0.9  -0.000804403322
 0.3 -0.9  -0.3   0.001066859057
 0.3 -0.9   0.3   0.006529447690
 0.3 -0.9   0.9   0.022488265016
 0.3 -0.9   1.5   0.043522760166
 0.3 -0.9   2.1   0.043522760166
 0.3 -0.3  -2.1   0.009980048757
 0.3 -0.3  -1.5  -0.000824027299
 0.3 -0.3  -0.9  -0.001658527480
 0.3 -0.3  -0.3  -0.001322992677
 0.3 -0.3   0.3  -0.000173821200
 0.3 -0.3   0.9   0.003162055177
 0.3 -0.3   1.5   0.009722655154
 0.3 -0.3   2.1   0.018014734590
 0.3  0.3  -2.1  -0.000320281816
 0.3  0.3  -1.5  -0.001565711712
 0.3  0.3  -0.9  -0.001714581313
 0.3  0.3  -0.3  -0.001703570490
 0.3  0.3   0.3  -0.001557922008
 0.3  0.3   0.9  -0.000763918885
 0.3  0.3   1.5   0.002844988823
 0.3  0.3   2.1   0.021776594769
 0.3  0.9  -2.1  -0.001504398588
 0.3  0.9  -1.5  -0.001617739690
 0.3  0.9  -0.9  -0.001646723672
 0.3  0.9  -0.3  -0.001696739157
 0.3  0.9   0.3  -0.001687488395
 0.3  0.9   0.9  -0.000878488634
 0.3  0.9   1.5   0.005168052706
 0.3  0.9   2.1   0.040631517965
 0.3  1.5  -2.1  -0.001621347291
 0.3  1.5  -1.5  -0.001630824372
 0.3  1.5  -0.9  -0.001660452056
 0.3  1.5  -0.3  -0.001706221896
 0.3  1.5   0.3  -0.001588924576
 0.3  1.5   0.9  -0.000222690296
 0.3  1.5   1.5   0.008250694079
 0.3  1.5   2.1   0.043522760166
 0.3  2.1  -2.1  -0.001364032029
 0.3  2.1  -1.5  -0.001420618580
 0.3  2.1  -0.9  -0.001540512034
 0.3  2.1  -0.3  -0.001604283323
 0.3  2.1   0.3  -0.001197541803
 0.3  2.1   0.9   0.001317159322
 0.3  2.1   1.5   0.012682702051
 0.3  2.1   2.1   0.043522760166
 0.9 -2.1  -2.1   0.043522760166
 0.9 -2.1  -1.5   0.023717902679
 0.9 -2.1  -0.9   0.043522760166
 0.9 -2.1  -0.3   0.043522760166
 0.9 -2.1   0.3   0.043522760166
 0.9 -2.1   0.9   0.043522760166
 0.9 -2.1   1.5   0.043522760166
 0.9 -2.1   2.1   0.043522760166
 0.9 -1.5  -2.1   0.043522760166
 0.9 -1.5  -1.5   0.011897053557
 0.9 -1.5  -0.9   0.038944562724
 0.9 -1.5  -0.3   0.043522760166
 0.9 -1.5   0.3   0.043522760166
 0.9 -1.5   0.9   0.043522760166
 0.9 -1.5   1.5   0.043522760166
 0.9 -1.5   2.1   0.043522760166
 0.9 -0.9  -2.1   0.023882228953
 0.9 -0.9  -1.5   0.003232971598
 0.9 -0.9  -0.9   0.008252497227
 0.9 -0.9  -0.3   0.024358153817
 0.9 -0.9   0.3   0.043522760166
 0.9 -0.9   0.9   0.043522760166
 0.9 -0.9   1.5   0.043522760166
 0.9 -0.9   2.1   0.043522760166
 0.9 -0.3  -2.1   0.005535824817
 0.9 -0.3  -1.5  -0.000428286157
 0.9 -0.3  -0.9  -0.000196474361
 0.9 -0.3  -0.3   0.002085339085
 0.9 -0.3   0.3   0.008413958398
 0.9 -0.3   0.9   0.032674878016
 0.9 -0.3   1.5   0.043522760166
 0.9 -0.3   2.1   0.043522760166
 0.9  0.3  -2.1   0.000036937767
 0.9  0.3  -1.5  -0.001419305499
 0.9  0.3  -0.9  -0.001554896306
 0.9  0.3  -0.3  -0.001299371134
 0.9  0.3   0.3  -0.000487541089
 0.9  0.3   0.9   0.001996846433
 0.9  0.3   1.5   0.006649069126
 0.9  0.3   2.1   0.010627442851
 0.9  0.9  -2.1  -0.001233577778
 0.9  0.9  -1.5  -0.001579536281
 0.9  0.9  -0.9  -0.001635602736
 0.9  0.9  -0.3  -0.001650961483
 0.9  0.9   0.3  -0.001634978620
 0.9  0.9   0.9  -0.001415233945
 0.9  0.9   1.5  -0.000511643123
 0.9  0.9   2.1   0.003068553055
 0.9  1.5  -2.1  -0.001551381843
 0.9  1.5  -1.5  -0.001625718282
 0.9  1.5  -0.9  -0.001646461230
 0.9  1.5  -0.3  -0.001691738392
 0.9  1.5   0.3  -0.001757215774
 0.9  1.5   0.9  -0.001692756825
 0.9  1.5   1.5  -0.000853922212
 0.9  1.5   2.1   0.003081678649
 0.9  2.1  -2.1  -0.001574282214
 0.9  2.1  -1.5  -0.001591144672
 0.9  2.1  -0.9  -0.001642638626
 0.9  2.1  -0.3  -0.001725543390
 0.9  2.1   0.3  -0.001784660356
 0.9  2.1   0.9  -0.001603096457
 0.9  2.1   1.5  -0.000443017305
 0.9  2.1   2.1   0.004073900961
 1.5 -2.1  -2.1   0.043522760166
 1.5 -2.1  -1.5   0.043522760166
 1.5 -2.1  -0.9   0.043522760166
 1.5 -2.1  -0.3   0.043522760166
 1.5 -2.1   0.3   0.043522760166
 1.5 -2.1   0.9   0.043522760166
 1.5 -2.1   1.5   0.043522760166
 1.5 -2.1   2.1   0.043522760166
 1.5 -1.5  -2.1   0.043522760166
 1.5 -1.5  -1.5   0.043522760166
 1.5 -1.5  -0.9   0.043522760166
 1.5 -1.5  -0.3   0.043522760166
 1.5 -1.5   0.3   0.043522760166
 1.5 -1.5   0.9   0.043522760166
 1.5 -1.5   1.5   0.043522760166
 1.5 -1.5   2.1   0.043522760166
 1.5 -0.9  -2.1   0.043522760166
 1.5 -0.9  -1.5   0.028279929674
 1.5 -0.9  -0.9   0.043522760166
 1.5 -0.9  -0.3   0.043522760166
 1.5 -0.9   0.3   0.043522760166
 1.5 -0.9   0.9   0.043522760166
 1.5 -0.9   1.5   0.043522760166
 1.5 -0.9   2.1   0.043522760166
 1.5 -0.3  -2.1   0.030087782438
 1.5 -0.3  -1.5   0.005040779969
 1.5 -0.3  -0.9   0.009102274331
 1.5 -0.3  -0.3   0.020199154109
 1.5 -0.3   0.3   0.041253893870
 1.5 -0.3   0.9   0.043522760166
 1.5 -0.3   1.5   0.043522760166
 1.5 -0.3   2.1   0.043522760166
 1.5  0.3  -2.1   0.007197110334
 1.5  0.3  -1.5  -0.000176873886
 1.5  0.3  -0.9  -0.000785153640
 1.5  0.3  -0.3   0.000084211318
 1.5  0.3   0.3   0.002428330642
 1.5  0.3   0.9   0.010763235169
 1.5  0.3   1.5   0.028378137042
 1.5  0.3   2.1   0.036778438868
 1.5  0.9  -2.1   0.000793865156
 1.5  0.9  -1.5  -0.001316816362
 1.5  0.9  -0.9  -0.001629594854
 1.5  0.9  -0.3  -0.001601416478
 1.5  0.9   0.3  -0.001419954858
 1.5  0.9   0.9  -0.000874602052
 1.5  0.9   1.5   0.000065266731
 1.5  0.9   2.1   0.000910228913
 1.5  1.5  -2.1  -0.001021716815
 1.5  1.5  -1.5  -0.001580659604
 1.5  1.5  -0.9  -0.001675878263
 1.5  1.5  -0.3  -0.001712916567
 1.5  1.5   0.3  -0.001761468382
 1.5  1.5   0.9  -0.001785298399
 1.5  1.5   1.5  -0.001585294778
 1.5  1.5   2.1  -0.000142292006
 1.5  2.1  -2.1  -0.001522912300
 1.5  2.1  -1.5  -0.001621090072
 1.5  2.1  -0.9  -0.001681359084
 1.5  2.1  -0.3  -0.001755721637
 1.5  2.1   0.3  -0.001806240681
 1.5  2.1   0.9  -0.001699598167
 1.5  2.1   1.5  -0.000946844611
 1.5  2.1   2.1   0.002989181468
 2.1 -2.1  -2.1   0.043522760166
 2.1 -2.1  -1.5   0.043522760166
 2.1 -2.1  -0.9   0.043522760166
 2.1 -2.1  -0.3   0.043522760166
 2.1 -2.1   0.3   0.043522760166
 2.1 -2.1   0.9   0.043522760166
 2.1 -2.1   1.5   0.043522760166
 2.1 -2.1   2.1   0.043522760166
 2.1 -1.5  -2.1   0.043522760166
 2.1 -1.5  -1.5   0.043522760166
 2.1 -1.5  -0.9   0.043522760166
 2.1 -1.5  -0.3   0.043522760166
 2.1 -1.5   0.3   0.043522760166
 2.1 -1.5   0.9   0.043522760166
 2.1 -1.5   1.5   0.043522760166
 2.1 -1.5   2.1   0.043522760166
 2.1 -0.9  -2.1   0.043522760166
 2.1 -0.9  -1.5   0.043522760166
 2.1 -0.9  -0.9   0.043522760166
 2.1 -0.9  -0.3   0.043522760166
 2.1 -0.9   0.3   0.043522760166
 2.1 -0.9   0.9   0.043522760166
 2.1 -0.9   1.5   0.043522760166
 2.1 -0.9   2.1   0.043522760166
 2.1 -0.3  -2.1   0.043522760166
 2.1 -0.3  -1.5   0.026676559459
 2.1 -0.3  -0.9   0.043522760166
 2.1 -0.3  -0.3   0.043522760166
 2.1 -0.3   0.3   0.043522760166
 2.1 -0.3   0.9   0.043522760166
 2.1 -0.3   1.5   0.043522760166
 2.1 -0.3   2.1   0.043522760166
 2.1  0.3  -2.1   0.042097702264
 2.1  0.3  -1.5   0.003992476840
 2.1  0.3  -0.9   0.001448208964
 2.1  0.3  -0.3   0.003457288774
 2.1  0.3   0.3   0.006889782197
 2.1  0.3   0.9   0.021745685776
 2.1  0.3   1.5   0.043522760166
 2.1  0.3   2.1   0.043522760166
 2.1  0.9  -2.1   0.009744449176
 2.1  0.9  -1.5  -0.000297220411
 2.1  0.9  -0.9  -0.001505844849
 2.1  0.9  -0.3  -0.001511629895
 2.1  0.9   0.3  -0.001206164532
 2.1  0.9   0.9  -0.000274157265
 2.1  0.9   1.5   0.001374949278
 2.1  0.9   2.1   0.002910494929
 2.1  1.5  -2.1   0.001512603499
 2.1  1.5  -1.5  -0.001006277116
 2.1  1.5  -0.9  -0.001495627881
 2.1  1.5  -0.3  -0.001693301730
 2.1  1.5   0.3  -0.001772681586
 2.1  1.5   0.9  -0.001695901779
 2.1  1.5   1.5  -0.001013753021
 2.1  1.5   2.1   0.004092794191
 2.1  2.1  -2.1  -0.000049034483
 2.1  2.1  -1.5  -0.000435180597
 2.1  2.1  -0.9  -0.000974135558
 2.1  2.1  -0.3  -0.001483171232
 2.1  2.1   0.3  -0.001639292161
 2.1  2.1   0.9  -0.001074537778
 2.1  2.1   1.5   0.001878834904
 2.1  2.1   2.1   0.020759564920
