-2.1 -2.1  -2.1   0.003691871031
-2.1 -2.1  -1.5   0.000135848476
-2.1 -2.1  -0.9   0.030871145516
-2.1 -2.1  -0.3   0.030871145516
-2.1 -2.1   0.3   0.023362279614
-2.1 -2.1   0.9   0.011613694072
-2.1 -2.1   1.5   0.009629917348
-2.1 -2.1   2.1   0.007798563818
-2.1 -1.5  -2.1  -0.007739485707
-2.1 -1.5  -1.5  -0.030871145516
-2.1 -1.5  -0.9  -0.030871145516
-2.1 -1.5  -0.3  -0.030871145516
-2.1 -1.5   0.3   0.000244700135
-2.1 -1.5   0.9   0.005862745419
-2.1 -1.5   1.5   0.006081022941
-2.1 -1.5   2.1   0.004162452251
-2.1 -0.9  -2.1  -0.003339631261
-2.1 -0.9  -1.5  -0.030871145516
-2.1 -0.9  -0.9  -0.030871145516
-2.1 -0.9  -0.3  -0.030871145516
-2.1 -0.9   0.3  -0.007461166895
-2.1 -0.9   0.9   0.001861804828
-2.1 -0.9   1.5   0.003145155392
-2.1 -0.9   2.1   0.001783117365
-2.1 -0.3  -2.1   0.001988515445
-2.1 -0.3  -1.5   0.030871145516
-2.1 -0.3  -0.9   0.030871145516
-2.1 -0.3  -0.3   0.003950321174
-2.1 -0.3   0.3  -0.002756589545
-2.1 -0.3   0.9   0.000212612666
-2.1 -0.3   1.5   0.001002182345
-2.1 -0.3   2.1  -0.000112790817
-2.1  0.3  -2.1  -0.022499119299
-2.1  0.3  -1.5  -0.030871145516
-2.1  0.3  -0.9  -0.030871145516
-2.1  0.3  -0.3  -0.024286638889
-2.1  0.3   0.3  -0.007149047265
-2.1  0.3   0.9  -0.001719430192
-2.1  0.3   1.5  -0.000582344028
-2.1  0.3   2.1  -0.001888789296
-2.1  0.9  -2.1  -0.030871145516
-2.1  0.9  -1.5  -0.030871145516
-2.1  0.9  -0.9  -0.030871145516
-2.1  0.9  -0.3  -0.030871145516
-2.1  0.9   0.3  -0.012555563460
-2.1  0.9   0.9  -0.002509685210
-2.1  0.9   1.5  -0.000540785292
-2.1  0.9   2.1  -0.002438233944
-2.1  1.5  -2.1  -0.030871145516
-2.1  1.5  -1.5  -0.030871145516
-2.1  1.5  -0.9  -0.030871145516
-2.1  1.5  -0.3  -0.030871145516
-2.1  1.5   0.3  -0.008044187001
-2.1  1.5   0.9   0.000917993644
-2.1  1.5   1.5   0.003682572642
-2.1  1.5   2.1   0.001790260948
-2.1  2.1  -2.1  -0.014675559114
-2.1  2.1  -1.5  -0.024561114244
-2.1  2.1  -0.9  -0.023845925503
-2.1  2.1  -0.3  -0.010849602349
-2.1  2.1   0.3   0.000826047025
-2.1  2.1   0.9   0.009196153057
-2.1  2.1   1.5   0.015623013092
-2.1  2.1   2.1   0.016010461404
-1.5 -2.1  -2.1   0.000250933019
-1.5 -2.1  -1.5  -0.008111909033
-1.5 -2.1  -0.9   0.030871145516
-1.5 -2.1  -0.3   0.030871145516
-1.5 -2.1   0.3   0.025438746953
-1.5 -2.1   0.9   0.011781910944
-1.5 -2.1   1.5   0.009751636101
-1.5 -2.1   2.1   0.007482980446
-1.5 -1.5  -2.1  -0.015479545618
-1.5 -1.5  -1.5  -0.030871145516
-1.5 -1.5  -0.9  -0.030871145516
-1.5 -1.5  -0.3  -0.030871145516
-1.5 -1.5   0.3  -0.004548085339
-1.5 -1.5   0.9   0.005362950835
-1.5 -1.5   1.5   0.006547038318
-1.5 -1.5   2.1   0.004938809079
-1.5 -0.9  -2.1  -0.015041409972
-1.5 -0.9  -1.5  -0.030871145516
-1.5 -0.9  -0.9  -0.030871145516
-1.5 -0.9  -0.3  -0.030871145516
-1.5 -0.9   0.3  -0.014882685977
-1.5 -0.9   0.9   0.000731476357
-1.5 -0.9   1.5   0.003335861894
-1.5 -0.9   2.1   0.002333037429
-1.5 -0.3  -2.1  -0.008179211217
-1.5 -0.3  -1.5  -0.021937273712
-1.5 -0.3  -0.9  -0.030871145516
-1.5 -0.3  -0.3  -0.025515835290
-1.5 -0.3   0.3  -0.007893980355
-1.5 -0.3   0.9  -0.000713697665
-1.5 -0.3   1.5   0.000966702138
-1.5 -0.3   2.1  -0.000282721038
-1.5  0.3  -2.1  -0.015356369747
-1.5  0.3  -1.5  -0.030662935075
-1.5  0.3  -0.9  -0.030871145516
-1.5  0.3  -0.3  -0.018536394098
-1.5  0.3   0.3  -0.007014245321
-1.5  0.3   0.9  -0.001626585222
-1.5  0.3   1.5  -0.000680650103
-1.5  0.3   2.1  -0.003615514340
-1.5  0.9  -2.1  -0.023777783623
-1.5  0.9  -1.5  -0.030871145516
-1.5  0.9  -0.9  -0.030871145516
-1.5  0.9  -0.3  -0.026688386226
-1.5  0.9   0.3  -0.008594381817
-1.5  0.9   0.9  -0.001683138073
-1.5  0.9   1.5  -0.001073025450
-1.5  0.9   2.1  -0.007788058368
-1.5  1.5  -2.1  -0.019419605223
-1.5  1.5  -1.5  -0.030871145516
-1.5  1.5  -0.9  -0.030871145516
-1.5  1.5  -0.3  -0.019609509075
-1.5  1.5   0.3  -0.005810264472
-1.5  1.5   0.9   0.000902922351
-1.5  1.5   1.5   0.001646876826
-1.5  1.5   2.1  -0.008035484425
-1.5  2.1  -2.1  -0.011000982099
-1.5  2.1  -1.5  -0.016497385808
-1.5  2.1  -0.9  -0.015937874080
-1.5  2.1  -0.3  -0.008544407607
-1.5  2.1   0.3  -0.000111234912
-1.5  2.1   0.9   0.006795998671
-1.5  2.1   1.5   0.010507914337
-1.5  2.1   2.1   0.005177165194
-0.9 -2.1  -2.1   0.003964432375
-0.9 -2.1  -1.5   0.000664368661
-0.9 -2.1  -0.9   0.013692705193
-0.9 -2.1  -0.3   0.024016399055
-0.9 -2.1   0.3   0.014958382026
-0.9 -2.1   0.9   0.013741691526
-0.9 -2.1   1.5   0.014628776980
-0.9 -2.1   2.1   0.012219475473
-0.9 -1.5  -2.1  -0.000434221184
-0.9 -1.5  -1.5  -0.007373261308
-0.9 -1.5  -0.9  -0.016050754423
-0.9 -1.5  -0.3  -0.011740102152
-0.9 -1.5   0.3   0.003408282514
-0.9 -1.5   0.9   0.008716532766
-0.9 -1.5   1.5   0.010519836773
-0.9 -1.5   2.1   0.008692817552
-0.9 -0.9  -2.1   0.001697073308
-0.9 -0.9  -1.5   0.030871145516
-0.9 -0.9  -0.9   0.030871145516
-0.9 -0.9  -0.3   0.004025325709
-0.9 -0.9   0.3  -0.001005686220
-0.9 -0.9   0.9   0.004194323621
-0.9 -0.9   1.5   0.005866629009
-0.9 -0.9   2.1   0.004516744952
-0.9 -0.3  -2.1   0.000162687850
-0.9 -0.3  -1.5   0.012435632147
-0.9 -0.3  -0.9   0.028253720008
-0.9 -0.3  -0.3   0.003110335827
-0.9 -0.3   0.3  -0.000576836615
-0.9 -0.3   0.9   0.001879262461
-0.9 -0.3   1.5   0.002724424899
-0.9 -0.3   2.1   0.000960104974
-0.9  0.3  -2.1  -0.005523712325
-0.9  0.3  -1.5  -0.006999078327
-0.9  0.3  -0.9  -0.006321824050
-0.9  0.3  -0.3  -0.004824993340
-0.9  0.3   0.3  -0.001882223003
-0.9  0.3   0.9   0.000822629589
-0.9  0.3   1.5   0.001283356739
-0.9  0.3   2.1  -0.002977960355
-0.9  0.9  -2.1  -0.009559444697
-0.9  0.9  -1.5  -0.014452021149
-0.9  0.9  -0.9  -0.014486899369
-0.9  0.9  -0.3  -0.008883144338
-0.9  0.9   0.3  -0.002908200828
-0.9  0.9   0.9   0.001063714713
-0.9  0.9   1.5   0.001836589276
-0.9  0.9   2.1  -0.008791781183
-0.9  1.5  -2.1  -0.009269607861
-0.9  1.5  -1.5  -0.013223050107
-0.9  1.5  -0.9  -0.012919552789
-0.9  1.5  -0.3  -0.007748796445
-0.9  1.5   0.3  -0.001752956256
-0.9  1.5   0.9   0.002789661803
-0.9  1.5   1.5   0.004094714783
-0.9  1.5   2.1  -0.013855022589
-0.9  2.1  -2.1  -0.006727328895
-0.9  2.1  -1.5  -0.008862028475
-0.9  2.1  -0.9  -0.008091663735
-0.9  2.1  -0.3  -0.004204270304
-0.9  2.1   0.3   0.000914854049
-0.9  2.1   0.9   0.005686869416
-0.9  2.1   1.5   0.007549699166
-0.9  2.1   2.1  -0.006393713687
-0.3 -2.1  -2.1   0.011021517585
-0.3 -2.1  -1.5   0.010885693806
-0.3 -2.1  -0.9   0.009951202621
-0.3 -2.1  -0.3   0.008553418894
-0.3 -2.1   0.3   0.012421240019
-0.3 -2.1   0.9   0.022613447499
-0.3 -2.1   1.5   0.030871145516
-0.3 -2.1   2.1   0.030053069421
-0.3 -1.5  -2.1   0.010400850117
-0.3 -1.5  -1.5   0.030871145516
-0.3 -1.5  -0.9   0.030871145516
-0.3 -1.5  -0.3   0.020790845939
-0.3 -1.5   0.3   0.011036505526
-0.3 -1.5   0.9   0.015976376572
-0.3 -1.5   1.5   0.021831327027
-0.3 -1.5   2.1   0.018692981810
-0.3 -0.9  -2.1   0.012220355301
-0.3 -0.9  -1.5   0.030871145516
-0.3 -0.9  -0.9   0.030871145516
-0.3 -0.9  -0.3   0.030871145516
-0.3 -0.9   0.3   0.009705721446
-0.3 -0.9   0.9   0.009210199428
-0.3 -0.9   1.5   0.010740337017
-0.3 -0.9   2.1   0.008542907269
-0.3 -0.3  -2.1   0.006810190136
-0.3 -0.3  -1.5   0.026542609590
-0.3 -0.3  -0.9   0.030871145516
-0.3 -0.3  -0.3   0.018246541826
-0.3 -0.3   0.3   0.006180690434
-0.3 -0.3   0.9   0.005314152815
-0.3 -0.3   1.5   0.005674730882
-0.3 -0.3   2.1   0.003836749317
-0.3  0.3  -2.1   0.000399559062
-0.3  0.3  -1.5   0.003199852888
-0.3  0.3  -0.9   0.005240722708
-0.3  0.3  -0.3   0.003514553345
-0.3  0.3   0.3   0.002728857995
-0.3  0.3   0.9   0.004020478939
-0.3  0.3   1.5   0.005615597202
-0.3  0.3   2.1   0.003910321431
-0.3  0.9  -2.1  -0.003053585400
-0.3  0.9  -1.5  -0.003487019371
-0.3  0.9  -0.9  -0.002829334312
-0.3  0.9  -0.3  -0.001171581582
-0.3  0.9   0.3   0.001328734236
-0.3  0.9   0.9   0.004988820335
-0.3  0.9   1.5   0.011993736396
-0.3  0.9   2.1   0.022748990350
-0.3  1.5  -2.1  -0.004059660597
-0.3  1.5  -1.5  -0.004849196318
-0.3  1.5  -0.9  -0.004175164988
-0.3  1.5  -0.3  -0.001878712954
-0.3  1.5   0.3   0.001532218304
-0.3  1.5   0.9   0.006599009891
-0.3  1.5   1.5   0.020010867925
-0.3  1.5   2.1   0.030871145516
-0.3  2.1  -2.1  -0.003925269239
-0.3  2.1  -1.5  -0.004387654170
-0.3  2.1  -0.9  -0.003464755100
-0.3  2.1  -0.3  -0.001079912803
-0.3  2.1   0.3   0.002350661766
-0.3  2.1   0.9   0.006901559466
-0.3  2.1   1.5   0.014548360733
-0.3  2.1   2.1   0.024007511253
 0.3 -2.1  -2.1   0.018736766355
 0.3 -2.1  -1.5   0.010311539893
 0.3 -2.1  -0.9  -0.006435383559
 0.3 -2.1  -0.3  -0.009585194320
 0.3 -2.1   0.3   0.010052740906
 0.3 -2.1   0.9   0.030871145516
 0.3 -2.1   1.5   0.030871145516
 0.3 -2.1   2.1   0.030871145516
 0.3 -1.5  -2.1   0.009198804888
 0.3 -1.5  -1.5   0.012426130009
 0.3 -1.5  -0.9   0.011958064787
 0.3 -1.5  -0.3   0.006046249682
 0.3 -1.5   0.3   0.010482189411
 0.3 -1.5   0.9   0.026621297053
 0.3 -1.5   1.5   0.030871145516
 0.3 -1.5   2.1   0.030871145516
 0.3 -0.9  -2.1   0.008343266658
 0.3 -0.9  -1.5   0.018790741466
 0.3 -0.9  -0.9   0.025831520537
 0.3 -0.9  -0.3   0.014248617345
 0.3 -0.9   0.3   0.009210468007
 0.3 -0.9   0.9   0.012580643179
 0.3 -0.9   1.5   0.016336695321
 0.3 -0.9   2.1   0.012357207089
 0.3 -0.3  -2.1   0.005506038594
 0.3 -0.3  -1.5   0.011783803345
 0.3 -0.3  -0.9   0.015454722130
 0.3 -0.3  -0.3   0.010145017847
 0.3 -0.3   0.3   0.006464572227
 0.3 -0.3   0.9   0.006811428069
 0.3 -0.3   1.5   0.007653719491
 0.3 -0.3   2.1   0.006020222220
 0.3  0.3  -2.1   0.001909090161
 0.3  0.3  -1.5   0.003795724652
 0.3  0.3  -0.9   0.004955686335
 0.3  0.3  -0.3   0.004324359060
 0.3  0.3   0.3   0.004114669891
 0.3  0.3   0.9   0.005614794553
 0.3  0.3   1.5   0.008511477356
 0.3  0.3   2.1   0.010369287458
 0.3  0.9  -2.1  -0.000428056217
 0.3  0.9  -1.5  -0.000044865036
 0.3  0.9  -0.9   0.000617077153
 0.3  0.9  -0.3   0.001526303393
 0.3  0.9   0.3   0.003245742846
 0.3  0.9   0.9   0.007191306776
 0.3  0.9   1.5   0.018641355993
 0.3  0.9   2.1   0.030871145516
 0.3  1.5  -2.1  -0.001562404110
 0.3  1.5  -1.5  -0.001468722532
 0.3  1.5  -0.9  -0.000754092559
 0.3  1.5  -0.3   0.000706634347
 0.3  1.5   0.3   0.003257677631
 0.3  1.5   0.9   0.008862016126
 0.3  1.5   1.5   0.030707411135
 0.3  1.5   2.1   0.030871145516
 0.3  2.1  -2.1  -0.002210729037
 0.3  2.1  -1.5  -0.001932376266
 0.3  2.1  -0.9  -0.000977043972
 0.3  2.1  -0.3   0.000715833948
 0.3  2.1   0.3   0.003313884725
 0.3  2.1   0.9   0.007948112909
 0.3  2.1   1.5   0.020335255748
 0.3  2.1   2.1   0.030871145516
 0.9 -2.1  -2.1   0.013517329302
 0.9 -2.1  -1.5  -0.006263449801
 0.9 -2.1  -0.9  -0.030871145516
 0.9 -2.1  -0.3  -0.030871145516
 0.9 -2.1   0.3  -0.000853096322
 0.9 -2.1   0.9   0.030871145516
 0.9 -2.1   1.5   0.030871145516
 0.9 -2.1   2.1   0.030871145516
 0.9 -1.5  -2.1   0.004195672690
 0.9 -1.5  -1.5  -0.001684011727
 0.9 -1.5  -0.9  -0.011795596123
 0.9 -1.5  -0.3  -0.012863694538
 0.9 -1.5   0.3   0.004075296832
 0.9 -1.5   0.9   0.030871145516
 0.9 -1.5   1.5   0.030871145516
 0.9 -1.5   2.1   0.030871145516
 0.9 -0.9  -2.1   0.003569142792
 0.9 -0.9  -1.5   0.003418281678
 0.9 -0.9  -0.9   0.002106751932
 0.9 -0.9  -0.3   0.001313471541
 0.9 -0.9   0.3   0.004736069005
 0.9 -0.9   0.9   0.011451929270
 0.9 -0.9   1.5   0.016013514560
 0.9 -0.9   2.1   0.008405632547
 0.9 -0.3  -2.1   0.002906595528
 0.9 -0.3  -1.5   0.003849292263
 0.9 -0.3  -0.9   0.004091288086
 0.9 -0.3  -0.3   0.003469188197
 0.9 -0.3   0.3   0.003785027800
 0.9 -0.3   0.9   0.005333910348
 0.9 -0.3   1.5   0.006276749090
 0.9 -0.3   2.1   0.004587557186
 0.9  0.3  -2.1   0.001617243613
 0.9  0.3  -1.5   0.002186470491
 0.9  0.3  -0.9   0.002542377753
 0.9  0.3  -0.3   0.002606037143
 0.9  0.3   0.3   0.003097931801
 0.9  0.3   0.9   0.004543562716
 0.9  0.3   1.5   0.006805531681
 0.9  0.3   2.1   0.008400761080
 0.9  0.9  -2.1   0.000456192179
 0.9  0.9  -1.5   0.000733535463
 0.9  0.9  -0.9   0.001155716900
 0.9  0.9  -0.3   0.001796512355
 0.9  0.9   0.3   0.003085268457
 0.9  0.9   0.9   0.005966182279
 0.9  0.9   1.5   0.012489551690
 0.9  0.9   2.1   0.022803085859
 0.9  1.5  -2.1  -0.000343796512
 0.9  1.5  -1.5  -0.000085895875
 0.9  1.5  -0.9   0.000493154201
 0.9  1.5  -0.3   0.001503665582
 0.9  1.5   0.3   0.003327406287
 0.9  1.5   0.9   0.007240851878
 0.9  1.5   1.5   0.017543701543
 0.9  1.5   2.1   0.030871145516
 0.9  2.1  -2.1  -0.001007387220
 0.9  2.1  -1.5  -0.000531162756
 0.9  2.1  -0.9   0.000291198254
 0.9  2.1  -0.3   0.001503829199
 0.9  2.1   0.3   0.003359132563
 0.9  2.1   0.9   0.006674514539
 0.9  2.1   1.5   0.013597541799
 0.9  2.1   2.1   0.024449085944
 1.5 -2.1  -2.1   0.000969637984
 1.5 -2.1  -1.5  -0.023053679295
 1.5 -2.1  -0.9  -0.030871145516
 1.5 -2.1  -0.3  -0.030871145516
 1.5 -2.1   0.3  -0.009861099009
 1.5 -2.1   0.9   0.030871145516
 1.5 -2.1   1.5   0.030871145516
 1.5 -2.1   2.1   0.020281567738
 1.5 -1.5  -2.1  -0.000276790691
 1.5 -1.5  -1.5  -0.009126578756
 1.5 -1.5  -0.9  -0.022764154257
 1.5 -1.5  -0.3  -0.023922837875
 1.5 -1.5   0.3  -0.003639241902
 1.5 -1.5   0.9   0.017572269701
 1.5 -1.5   1.5   0.029372166175
 1.5 -1.5   2.1  -0.009889880178
 1.5 -0.9  -2.1   0.000831026540
 1.5 -0.9  -1.5  -0.001859594454
 1.5 -0.9  -0.9  -0.004793331893
 1.5 -0.9  -0.3  -0.004820902913
 1.5 -0.9   0.3  -0.000694495812
 1.5 -0.9   0.9   0.004239864735
 1.5 -0.9   1.5   0.005264434835
 1.5 -0.9   2.1  -0.003629928077
 1.5 -0.3  -2.1   0.001376183186
 1.5 -0.3  -1.5   0.000632420113
 1.5 -0.3  -0.9  -0.000149743578
 1.5 -0.3  -0.3  -0.000417272925
 1.5 -0.3   0.3   0.000135712643
 1.5 -0.3   0.9   0.000870211285
 1.5 -0.3   1.5   0.000922473048
 1.5 -0.3   2.1   0.000370003027
 1.5  0.3  -2.1   0.001210880550
 1.5  0.3  -1.5   0.001009961874
 1.5  0.3  -0.9   0.000813547298
 1.5  0.3  -0.3   0.000718167807
 1.5  0.3   0.3   0.000894371044
 1.5  0.3   0.9   0.001426472282
 1.5  0.3   1.5   0.002393523264
 1.5  0.3   2.1   0.003692090216
 1.5  0.9  -2.1   0.000769389211
 1.5  0.9  -1.5   0.000766823819
 1.5  0.9  -0.9   0.000866651842
 1.5  0.9  -0.3   0.001130649530
 1.5  0.9   0.3   0.001751863417
 1.5  0.9   0.9   0.003091285243
 1.5  0.9   1.5   0.005522153332
 1.5  0.9   2.1   0.008171240287
 1.5  1.5  -2.1   0.000323662351
 1.5  1.5  -1.5   0.000489236653
 1.5  1.5  -0.9   0.000830628303
 1.5  1.5  -0.3   0.001411444209
 1.5  1.5   0.3   0.002436338456
 1.5  1.5   0.9   0.004351358964
 1.5  1.5   1.5   0.007684667814
 1.5  1.5   2.1   0.011229860771
 1.5  2.1  -2.1  -0.000092903625
 1.5  2.1  -1.5   0.000307303731
 1.5  2.1  -0.9   0.000885044871
 1.5  2.1  -0.3   0.001660540395
 1.5  2.1   0.3   0.002784673026
 1.5  2.1   0.9   0.004552938283
 1.5  2.1   1.5   0.007170339094
 1.5  2.1   2.1   0.009436670152
 2.1 -2.1  -2.1  -0.003070339171
 2.1 -2.1  -1.5  -0.017935221759
 2.1 -2.1  -0.9  -0.030871145516
 2.1 -2.1  -0.3  -0.030871145516
 2.1 -2.1   0.3  -0.007029829075
 2.1 -2.1   0.9   0.019801012052
 2.1 -2.1   1.5   0.012548571146
 2.1 -2.1   2.1  -0.030424353601
 2.1 -1.5  -2.1  -0.001420751859
 2.1 -1.5  -1.5  -0.008394389275
 2.1 -1.5  -0.9  -0.017097283169
 2.1 -1.5  -0.3  -0.017883034088
 2.1 -1.5   0.3  -0.007765979324
 2.1 -1.5   0.9  -0.000723545560
 2.1 -1.5   1.5  -0.004264317769
 2.1 -1.5   2.1  -0.019132852414
 2.1 -0.9  -2.1   0.000226588034
 2.1 -0.9  -1.5  -0.002730308939
 2.1 -0.9  -0.9  -0.005634638525
 2.1 -0.9  -0.3  -0.006594153860
 2.1 -0.9   0.3  -0.005909462724
 2.1 -0.9   0.9  -0.007419629769
 2.1 -0.9   1.5  -0.012389248251
 2.1 -0.9   2.1  -0.008957701242
 2.1 -0.3  -2.1   0.001028648178
 2.1 -0.3  -1.5  -0.000315197483
 2.1 -0.3  -0.9  -0.001620608568
 2.1 -0.3  -0.3  -0.002680146415
 2.1 -0.3   0.3  -0.003966685968
 2.1 -0.3   0.9  -0.006648144407
 2.1 -0.3   1.5  -0.009817675655
 2.1 -0.3   2.1  -0.006482378704
 2.1  0.3  -2.1   0.001189736903
 2.1  0.3  -1.5   0.000519595337
 2.1  0.3  -0.9  -0.000132063673
 2.1  0.3  -0.3  -0.000837778060
 2.1  0.3   0.3  -0.001784960372
 2.1  0.3   0.9  -0.003081060720
 2.1  0.3   1.5  -0.003803439351
 2.1  0.3   2.1  -0.001639084948
 2.1  0.9  -2.1   0.001017781535
 2.1  0.9  -1.5   0.000732671071
 2.1  0.9  -0.9   0.000500507708
 2.1  0.9  -0.3   0.000278766444
 2.1  0.9   0.3   0.000076470915
 2.1  0.9   0.9   0.000063498859
 2.1  0.9   1.5   0.000692720721
 2.1  0.9   2.1   0.002345654466
 2.1  1.5  -2.1   0.000764570225
 2.1  1.5  -1.5   0.000764912895
 2.1  1.5  -0.9   0.000848567525
 2.1  1.5  -0.3   0.001017000495
 2.1  1.5   0.3   0.001343601779
 2.1  1.5   0.9   0.001999172164
 2.1  1.5   1.5   0.003131692486
 2.1  1.5   2.1   0.004470104825
 2.1  2.1  -2.1   0.000566652224
 2.1  2.1  -1.5   0.000810463270
 2.1  2.1  -0.9   0.001133634770
 2.1  2.1  -0.3   0.001535456687
 2.1  2.1   0.3   0.002084188212
 2.1  2.1   0.9   0.002883812623
 2.1  2.1   1.5   0.003926476301
 2.1  2.1   2.1   0.004841117339
-2.1 -2.1  -2.1   0.030871145516
-2.1 -2.1  -1.5   0.030871145516
-2.1 -2.1  -0.9   0.030871145516
-2.1 -2.1  -0.3   0.030871145516
-2.1 -2.1   0.3   0.030871145516
-2.1 -2.1   0.9   0.030871145516
-2.1 -2.1   1.5   0.030871145516
-2.1 -2.1   2.1   0.030871145516
-2.1 -1.5  -2.1   0.030871145516
-2.1 -1.5  -1.5   0.030871145516
-2.1 -1.5  -0.9   0.030871145516
-2.1 -1.5  -0.3   0.030871145516
-2.1 -1.5   0.3   0.030871145516
-2.1 -1.5   0.9   0.030871145516
-2.1 -1.5   1.5   0.030871145516
-2.1 -1.5   2.1   0.030871145516
-2.1 -0.9  -2.1   0.030871145516
-2.1 -0.9  -1.5   0.030871145516
-2.1 -0.9  -0.9   0.030871145516
-2.1 -0.9  -0.3   0.030871145516
-2.1 -0.9   0.3   0.030871145516
-2.1 -0.9   0.9   0.030871145516
-2.1 -0.9   1.5   0.030871145516
-2.1 -0.9   2.1   0.030871145516
-2.1 -0.3  -2.1   0.030871145516
-2.1 -0.3  -1.5   0.030871145516
-2.1 -0.3  -0.9   0.030871145516
-2.1 -0.3  -0.3   0.030871145516
-2.1 -0.3   0.3   0.030871145516
-2.1 -0.3   0.9   0.030871145516
-2.1 -0.3   1.5   0.030871145516
-2.1 -0.3   2.1   0.030871145516
-2.1  0.3  -2.1   0.030871145516
-2.1  0.3  -1.5   0.030871145516
-2.1  0.3  -0.9   0.030871145516
-2.1  0.3  -0.3   0.030871145516
-2.1  0.3   0.3   0.030871145516
-2.1  0.3   0.9   0.030871145516
-2.1  0.3   1.5   0.030871145516
-2.1  0.3   2.1   0.030871145516
-2.1  0.9  -2.1   0.030871145516
-2.1  0.9  -1.5   0.030871145516
-2.1  0.9  -0.9   0.030871145516
-2.1  0.9  -0.3   0.030871145516
-2.1  0.9   0.3   0.030871145516
-2.1  0.9   0.9   0.030871145516
-2.1  0.9   1.5   0.030871145516
-2.1  0.9   2.1   0.030871145516
-2.1  1.5  -2.1   0.030871145516
-2.1  1.5  -1.5   0.030871145516
-2.1  1.5  -0.9   0.030871145516
-2.1  1.5  -0.3   0.030871145516
-2.1  1.5   0.3   0.030871145516
-2.1  1.5   0.9   0.030871145516
-2.1  1.5   1.5   0.030871145516
-2.1  1.5   2.1   0.030871145516
-2.1  2.1  -2.1   0.030871145516
-2.1  2.1  -1.5   0.030871145516
-2.1  2.1  -0.9   0.030871145516
-2.1  2.1  -0.3   0.030871145516
-2.1  2.1   0.3   0.030871145516
-2.1  2.1   0.9   0.030871145516
-2.1  2.1   1.5   0.030871145516
-2.1  2.1   2.1   0.030871145516
-1.5 -2.1  -2.1   0.030871145516
-1.5 -2.1  -1.5   0.030871145516
-1.5 -2.1  -0.9   0.030871145516
-1.5 -2.1  -0.3   0.030871145516
-1.5 -2.1   0.3   0.030871145516
-1.5 -2.1   0.9   0.030871145516
-1.5 -2.1   1.5   0.030871145516
-1.5 -2.1   2.1   0.030871145516
-1.5 -1.5  -2.1   0.030871145516
-1.5 -1.5  -1.5   0.030871145516
-1.5 -1.5  -0.9   0.030871145516
-1.5 -1.5  -0.3   0.030871145516
-1.5 -1.5   0.3   0.030871145516
-1.5 -1.5   0.9   0.030871145516
-1.5 -1.5   1.5   0.030871145516
-1.5 -1.5   2.1   0.030871145516
-1.5 -0.9  -2.1   0.030871145516
-1.5 -0.9  -1.5   0.030871145516
-1.5 -0.9  -0.9   0.030871145516
-1.5 -0.9  -0.3   0.030871145516
-1.5 -0.9   0.3   0.030871145516
-1.5 -0.9   0.9   0.030871145516
-1.5 -0.9   1.5   0.030871145516
-1.5 -0.9   2.1   0.030871145516
-1.5 -0.3  -2.1   0.030871145516
-1.5 -0.3  -1.5   0.030871145516
-1.5 -0.3  -0.9   0.030871145516
-1.5 -0.3  -0.3   0.030871145516
-1.5 -0.3   0.3   0.030871145516
-1.5 -0.3   0.9   0.030871145516
-1.5 -0.3   1.5   0.030871145516
-1.5 -0.3   2.1   0.030871145516
-1.5  0.3  -2.1   0.030871145516
-1.5  0.3  -1.5   0.030871145516
-1.5  0.3  -0.9   0.030871145516
-1.5  0.3  -0.3   0.030871145516
-1.5  0.3   0.3   0.030871145516
-1.5  0.3   0.9   0.030871145516
-1.5  0.3   1.5   0.030871145516
-1.5  0.3   2.1   0.030871145516
-1.5  0.9  -2.1   0.030871145516
-1.5  0.9  -1.5   0.030871145516
-1.5  0.9  -0.9   0.030871145516
-1.5  0.9  -0.3   0.030871145516
-1.5  0.9   0.3   0.030871145516
-1.5  0.9   0.9   0.030871145516
-1.5  0.9   1.5   0.030871145516
-1.5  0.9   2.1   0.030871145516
-1.5  1.5  -2.1   0.030871145516
-1.5  1.5  -1.5   0.030871145516
-1.5  1.5  -0.9   0.030871145516
-1.5  1.5  -0.3   0.030871145516
-1.5  1.5   0.3   0.030871145516
-1.5  1.5   0.9   0.030871145516
-1.5  1.5   1.5   0.030871145516
-1.5  1.5   2.1   0.030871145516
-1.5  2.1  -2.1   0.030871145516
-1.5  2.1  -1.5   0.030871145516
-1.5  2.1  -0.9   0.030871145516
-1.5  2.1  -0.3   0.030871145516
-1.5  2.1   0.3   0.030871145516
-1.5  2.1   0.9   0.030871145516
-1.5  2.1   1.5   0.030871145516
-1.5  2.1   2.1   0.030871145516
-0.9 -2.1  -2.1   0.030871145516
-0.9 -2.1  -1.5   0.030871145516
-0.9 -2.1  -0.9   0.030871145516
-0.9 -2.1  -0.3   0.030871145516
-0.9 -2.1   0.3   0.030871145516
-0.9 -2.1   0.9   0.030871145516
-0.9 -2.1   1.5   0.030871145516
-0.9 -2.1   2.1   0.030871145516
-0.9 -1.5  -2.1   0.030871145516
-0.9 -1.5  -1.5   0.030871145516
-0.9 -1.5  -0.9   0.030871145516
-0.9 -1.5  -0.3   0.030871145516
-0.9 -1.5   0.3   0.030871145516
-0.9 -1.5   0.9   0.030871145516
-0.9 -1.5   1.5   0.030871145516
-0.9 -1.5   2.1   0.030871145516
-0.9 -0.9  -2.1   0.030871145516
-0.9 -0.9  -1.5   0.030871145516
-0.9 -0.9  -0.9   0.030871145516
-0.9 -0.9  -0.3   0.030871145516
-0.9 -0.9   0.3   0.030871145516
-0.9 -0.9   0.9   0.030871145516
-0.9 -0.9   1.5   0.030871145516
-0.9 -0.9   2.1   0.030871145516
-0.9 -0.3  -2.1   0.030871145516
-0.9 -0.3  -1.5   0.030871145516
-0.9 -0.3  -0.9   0.030871145516
-0.9 -0.3  -0.3   0.030871145516
-0.9 -0.3   0.3   0.030871145516
-0.9 -0.3   0.9   0.030871145516
-0.9 -0.3   1.5   0.030871145516
-0.9 -0.3   2.1   0.030871145516
-0.9  0.3  -2.1   0.030871145516
-0.9  0.3  -1.5   0.030871145516
-0.9  0.3  -0.9   0.030871145516
-0.9  0.3  -0.3   0.030871145516
-0.9  0.3   0.3   0.030871145516
-0.9  0.3   0.9   0.030871145516
-0.9  0.3   1.5   0.030871145516
-0.9  0.3   2.1   0.030871145516
-0.9  0.9  -2.1   0.030871145516
-0.9  0.9  -1.5   0.030871145516
-0.9  0.9  -0.9   0.030871145516
-0.9  0.9  -0.3   0.030871145516
-0.9  0.9   0.3   0.030871145516
-0.9  0.9   0.9   0.030871145516
-0.9  0.9   1.5   0.030871145516
-0.9  0.9   2.1   0.030871145516
-0.9  1.5  -2.1   0.030871145516
-0.9  1.5  -1.5   0.030871145516
-0.9  1.5  -0.9   0.030871145516
-0.9  1.5  -0.3   0.030871145516
-0.9  1.5   0.3   0.030871145516
-0.9  1.5   0.9   0.030871145516
-0.9  1.5   1.5   0.030871145516
-0.9  1.5   2.1   0.030871145516
-0.9  2.1  -2.1   0.030871145516
-0.9  2.1  -1.5   0.030871145516
-0.9  2.1  -0.9   0.030871145516
-0.9  2.1  -0.3   0.030871145516
-0.9  2.1   0.3   0.030871145516
-0.9  2.1   0.9   0.030871145516
-0.9  2.1   1.5   0.030871145516
-0.9  2.1   2.1   0.030871145516
-0.3 -2.1  -2.1   0.030871145516
-0.3 -2.1  -1.5   0.030871145516
-0.3 -2.1  -0.9   0.030871145516
-0.3 -2.1  -0.3   0.030871145516
-0.3 -2.1   0.3   0.030871145516
-0.3 -2.1   0.9   0.030871145516
-0.3 -2.1   1.5   0.030871145516
-0.3 -2.1   2.1   0.030871145516
-0.3 -1.5  -2.1   0.030871145516
-0.3 -1.5  -1.5   0.030871145516
-0.3 -1.5  -0.9   0.030871145516
-0.3 -1.5  -0.3   0.030871145516
-0.3 -1.5   0.3   0.030871145516
-0.3 -1.5   0.9   0.030871145516
-0.3 -1.5   1.5   0.030871145516
-0.3 -1.5   2.1   0.030871145516
-0.3 -0.9  -2.1   0.030871145516
-0.3 -0.9  -1.5   0.030871145516
-0.3 -0.9  -0.9   0.030871145516
-0.3 -0.9  -0.3   0.030871145516
-0.3 -0.9   0.3   0.030871145516
-0.3 -0.9   0.9   0.030871145516
-0.3 -0.9   1.5   0.030871145516
-0.3 -0.9   2.1   0.030871145516
-0.3 -0.3  -2.1   0.030871145516
-0.3 -0.3  -1.5   0.030871145516
-0.3 -0.3  -0.9   0.030871145516
-0.3 -0.3  -0.3   0.030871145516
-0.3 -0.3   0.3   0.030871145516
-0.3 -0.3   0.9   0.030871145516
-0.3 -0.3   1.5   0.030871145516
-0.3 -0.3   2.1   0.030871145516
-0.3  0.3  -2.1   0.030871145516
-0.3  0.3  -1.5   0.030871145516
-0.3  0.3  -0.9   0.030871145516
-0.3  0.3  -0.3   0.030871145516
-0.3  0.3   0.3   0.030871145516
-0.3  0.3   0.9   0.030871145516
-0.3  0.3   1.5   0.030871145516
-0.3  0.3   2.1   0.030871145516
-0.3  0.9  -2.1   0.030871145516
-0.3  0.9  -1.5   0.030871145516
-0.3  0.9  -0.9   0.030871145516
-0.3  0.9  -0.3   0.030871145516
-0.3  0.9   0.3   0.030871145516
-0.3  0.9   0.9   0.030871145516
-0.3  0.9   1.5   0.030871145516
-0.3  0.9   2.1   0.030871145516
-0.3  1.5  -2.1   0.030871145516
-0.3  1.5  -1.5   0.030871145516
-0.3  1.5  -0.9   0.030871145516
-0.3  1.5  -0.3   0.030871145516
-0.3  1.5   0.3   0.030871145516
-0.3  1.5   0.9   0.030871145516
-0.3  1.5   1.5   0.030871145516
-0.3  1.5   2.1   0.030871145516
-0.3  2.1  -2.1   0.030871145516
-0.3  2.1  -1.5   0.030871145516
-0.3  2.1  -0.9   0.030871145516
-0.3  2.1  -0.3   0.030871145516
-0.3  2.1   0.3   0.030871145516
-0.3  2.1   0.9   0.030871145516
-0.3  2.1   1.5   0.030871145516
-0.3  2.1   2.1   0.030871145516
 0.3 -2.1  -2.1   0.030871145516
 0.3 -2.1  -1.5   0.030871145516
 0.3 -2.1  -0.9   0.030871145516
 0.3 -2.1  -0.3   0.030871145516
 0.3 -2.1   0.3   0.030871145516
 0.3 -2.1   0.9   0.030871145516
 0.3 -2.1   1.5   0.030871145516
 0.3 -2.1   2.1   0.030871145516
 0.3 -1.5  -2.1   0.030871145516
 0.3 -1.5  -1.5   0.030871145516
 0.3 -1.5  -0.9   0.030871145516
 0.3 -1.5  -0.3   0.030871145516
 0.3 -1.5   0.3   0.030871145516
 0.3 -1.5   0.9   0.030871145516
 0.3 -1.5   1.5   0.030871145516
 0.3 -1.5   2.1   0.030871145516
 0.3 -0.9  -2.1   0.030871145516
 0.3 -0.9  -1.5   0.030871145516
 0.3 -0.9  -0.9   0.030871145516
 0.3 -0.9  -0.3   0.030871145516
 0.3 -0.9   0.3   0.030871145516
 0.3 -0.9   0.9   0.030871145516
 0.3 -0.9   1.5   0.030871145516
 0.3 -0.9   2.1   0.030871145516
 0.3 -0.3  -2.1   0.030871145516
 0.3 -0.3  -1.5   0.030871145516
 0.3 -0.3  -0.9   0.030871145516
 0.3 -0.3  -0.3   0.030871145516
 0.3 -0.3   0.3   0.030871145516
 0.3 -0.3   0.9   0.030871145516
 0.3 -0.3   1.5   0.030871145516
 0.3 -0.3   2.1   0.030871145516
 0.3  0.3  -2.1   0.030871145516
 0.3  0.3  -1.5   0.030871145516
 0.3  0.3  -0.9   0.030871145516
 0.3  0.3  -0.3   0.030871145516
 0.3  0.3   0.3   0.030871145516
 0.3  0.3   0.9   0.030871145516
 0.3  0.3   1.5   0.030871145516
 0.3  0.3   2.1   0.030871145516
 0.3  0.9  -2.1   0.030871145516
 0.3  0.9  -1.5   0.030871145516
 0.3  0.9  -0.9   0.030871145516
 0.3  0.9  -0.3   0.030871145516
 0.3  0.9   0.3   0.030871145516
 0.3  0.9   0.9   0.030871145516
 0.3  0.9   1.5   0.030871145516
 0.3  0.9   2.1   0.030871145516
 0.3  1.5  -2.1   0.027385268378
 0.3  1.5  -1.5   0.030871145516
 0.3  1.5  -0.9   0.029802661212
 0.3  1.5  -0.3   0.013987240618
 0.3  1.5   0.3   0.029498929272
 0.3  1.5   0.9   0.030871145516
 0.3  1.5   1.5   0.030871145516
 0.3  1.5   2.1   0.030871145516
 0.3  2.1  -2.1   0.030871145516
 0.3  2.1  -1.5   0.030871145516
 0.3  2.1  -0.9   0.025400679743
 0.3  2.1  -0.3   0.012876459757
 0.3  2.1   0.3   0.030871145516
 0.3  2.1   0.9   0.030871145516
 0.3  2.1   1.5   0.030871145516
 0.3  2.1   2.1   0.030871145516
 0.9 -2.1  -2.1   0.030871145516
 0.9 -2.1  -1.5   0.030871145516
 0.9 -2.1  -0.9   0.030871145516
 0.9 -2.1  -0.3   0.030871145516
 0.9 -2.1   0.3   0.030871145516
 0.9 -2.1   0.9   0.030871145516
 0.9 -2.1   1.5   0.030871145516
 0.9 -2.1   2.1   0.030871145516
 0.9 -1.5  -2.1   0.030871145516
 0.9 -1.5  -1.5   0.030871145516
 0.9 -1.5  -0.9   0.030871145516
 0.9 -1.5  -0.3   0.030871145516
 0.9 -1.5   0.3   0.030871145516
 0.9 -1.5   0.9   0.030871145516
 0.9 -1.5   1.5   0.030871145516
 0.9 -1.5   2.1   0.030871145516
 0.9 -0.9  -2.1   0.030871145516
 0.9 -0.9  -1.5   0.030871145516
 0.9 -0.9  -0.9   0.030871145516
 0.9 -0.9  -0.3   0.030871145516
 0.9 -0.9   0.3   0.030871145516
 0.9 -0.9   0.9   0.030871145516
 0.9 -0.9   1.5   0.030871145516
 0.9 -0.9   2.1   0.030871145516
 0.9 -0.3  -2.1   0.030871145516
 0.9 -0.3  -1.5   0.030871145516
 0.9 -0.3  -0.9   0.030871145516
 0.9 -0.3  -0.3   0.030871145516
 0.9 -0.3   0.3   0.030871145516
 0.9 -0.3   0.9   0.030871145516
 0.9 -0.3   1.5   0.030871145516
 0.9 -0.3   2.1   0.030871145516
 0.9  0.3  -2.1   0.030871145516
 0.9  0.3  -1.5   0.030871145516
 0.9  0.3  -0.9   0.030871145516
 0.9  0.3  -0.3   0.030871145516
 0.9  0.3   0.3   0.030871145516
 0.9  0.3   0.9   0.030871145516
 0.9  0.3   1.5   0.030871145516
 0.9  0.3   2.1   0.030871145516
 0.9  0.9  -2.1   0.030871145516
 0.9  0.9  -1.5   0.030871145516
 0.9  0.9  -0.9   0.003327109924
 0.9  0.9  -0.3  -0.008121438955
 0.9  0.9   0.3  -0.002606781137
 0.9  0.9   0.9   0.030871145516
 0.9  0.9   1.5   0.030871145516
 0.9  0.9   2.1   0.030871145516
 0.9  1.5  -2.1   0.030871145516
 0.9  1.5  -1.5   0.011157819866
 0.9  1.5  -0.9  -0.010466463649
 0.9  1.5  -0.3  -0.015947157033
 0.9  1.5   0.3  -0.008407821311
 0.9  1.5   0.9   0.030871145516
 0.9  1.5   1.5   0.030871145516
 0.9  1.5   2.1   0.030871145516
 0.9  2.1  -2.1   0.030871145516
 0.9  2.1  -1.5   0.014581309506
 0.9  2.1  -0.9  -0.004004243804
 0.9  2.1  -0.3  -0.011393422275
 0.9  2.1   0.3  -0.003037995472
 0.9  2.1   0.9   0.030871145516
 0.9  2.1   1.5   0.030871145516
 0.9  2.1   2.1   0.030871145516
 1.5 -2.1  -2.1   0.030871145516
 1.5 -2.1  -1.5   0.030871145516
 1.5 -2.1  -0.9   0.030871145516
 1.5 -2.1  -0.3   0.030871145516
 1.5 -2.1   0.3   0.030871145516
 1.5 -2.1   0.9   0.030871145516
 1.5 -2.1   1.5   0.030871145516
 1.5 -2.1   2.1   0.030871145516
 1.5 -1.5  -2.1   0.030871145516
 1.5 -1.5  -1.5   0.030871145516
 1.5 -1.5  -0.9   0.030871145516
 1.5 -1.5  -0.3   0.030871145516
 1.5 -1.5   0.3   0.030871145516
 1.5 -1.5   0.9   0.030871145516
 1.5 -1.5   1.5   0.030871145516
 1.5 -1.5   2.1   0.030871145516
 1.5 -0.9  -2.1   0.030871145516
 1.5 -0.9  -1.5   0.030871145516
 1.5 -0.9  -0.9   0.030871145516
 1.5 -0.9  -0.3   0.030871145516
 1.5 -0.9   0.3   0.030871145516
 1.5 -0.9   0.9   0.030871145516
 1.5 -0.9   1.5   0.030871145516
 1.5 -0.9   2.1   0.030871145516
 1.5 -0.3  -2.1   0.030871145516
 1.5 -0.3  -1.5   0.030871145516
 1.5 -0.3  -0.9   0.030871145516
 1.5 -0.3  -0.3   0.030871145516
 1.5 -0.3   0.3   0.030871145516
 1.5 -0.3   0.9   0.030871145516
 1.5 -0.3   1.5   0.030871145516
 1.5 -0.3   2.1   0.030871145516
 1.5  0.3  -2.1   0.030871145516
 1.5  0.3  -1.5   0.030871145516
 1.5  0.3  -0.9   0.030871145516
 1.5  0.3  -0.3   0.030871145516
 1.5  0.3   0.3   0.030871145516
 1.5  0.3   0.9   0.030871145516
 1.5  0.3   1.5   0.030871145516
 1.5  0.3   2.1   0.030871145516
 1.5  0.9  -2.1   0.030871145516
 1.5  0.9  -1.5   0.030871145516
 1.5  0.9  -0.9   0.030871145516
 1.5  0.9  -0.3  -0.008362116580
 1.5  0.9   0.3  -0.003883725939
 1.5  0.9   0.9   0.030871145516
 1.5  0.9   1.5   0.030871145516
 1.5  0.9   2.1   0.030871145516
 1.5  1.5  -2.1   0.030871145516
 1.5  1.5  -1.5   0.030871145516
 1.5  1.5  -0.9   0.004715777401
 1.5  1.5  -0.3  -0.012983088693
 1.5  1.5   0.3  -0.014193114113
 1.5  1.5   0.9   0.004391991566
 1.5  1.5   1.5   0.030871145516
 1.5  1.5   2.1   0.030871145516
 1.5  2.1  -2.1   0.030871145516
 1.5  2.1  -1.5   0.030620335982
 1.5  2.1  -0.9   0.004566049259
 1.5  2.1  -0.3  -0.003793221002
 1.5  2.1   0.3  -0.008257880157
 1.5  2.1   0.9   0.004924120588
 1.5  2.1   1.5   0.030871145516
 1.5  2.1   2.1   0.030871145516
 2.1 -2.1  -2.1   0.030871145516
 2.1 -2.1  -1.5   0.030871145516
 2.1 -2.1  -0.9   0.030871145516
 2.1 -2.1  -0.3   0.030871145516
 2.1 -2.1   0.3   0.030871145516
 2.1 -2.1   0.9   0.030871145516
 2.1 -2.1   1.5   0.030871145516
 2.1 -2.1   2.1   0.030871145516
 2.1 -1.5  -2.1   0.030871145516
 2.1 -1.5  -1.5   0.030871145516
 2.1 -1.5  -0.9   0.030871145516
 2.1 -1.5  -0.3   0.030871145516
 2.1 -1.5   0.3   0.030871145516
 2.1 -1.5   0.9   0.030871145516
 2.1 -1.5   1.5   0.030871145516
 2.1 -1.5   2.1   0.030871145516
 2.1 -0.9  -2.1   0.030871145516
 2.1 -0.9  -1.5   0.030871145516
 2.1 -0.9  -0.9   0.030871145516
 2.1 -0.9  -0.3   0.030871145516
 2.1 -0.9   0.3   0.030871145516
 2.1 -0.9   0.9   0.030871145516
 2.1 -0.9   1.5   0.030871145516
 2.1 -0.9   2.1   0.030871145516
 2.1 -0.3  -2.1   0.030871145516
 2.1 -0.3  -1.5   0.030871145516
 2.1 -0.3  -0.9   0.030871145516
 2.1 -0.3  -0.3   0.030871145516
 2.1 -0.3   0.3   0.030871145516
 2.1 -0.3   0.9   0.030871145516
 2.1 -0.3   1.5   0.030871145516
 2.1 -0.3   2.1   0.030871145516
 2.1  0.3  -2.1   0.030871145516
 2.1  0.3  -1.5   0.030871145516
 2.1  0.3  -0.9   0.030871145516
 2.1  0.3  -0.3   0.030871145516
 2.1  0.3   0.3   0.030871145516
 2.1  0.3   0.9   0.030871145516
 2.1  0.3   1.5   0.030871145516
 2.1  0.3   2.1   0.030871145516
 2.1  0.9  -2.1   0.030871145516
 2.1  0.9  -1.5   0.030871145516
 2.1  0.9  -0.9   0.030871145516
 2.1  0.9  -0.3   0.012366221464
 2.1  0.9   0.3   0.022616228989
 2.1  0.9   0.9   0.030871145516
 2.1  0.9   1.5   0.030871145516
 2.1  0.9   2.1   0.030871145516
 2.1  1.5  -2.1   0.030871145516
 2.1  1.5  -1.5   0.030871145516
 2.1  1.5  -0.9   0.030871145516
 2.1  1.5  -0.3   0.028471287493
 2.1  1.5   0.3   0.009259358640
 2.1  1.5   0.9   0.008668129897
 2.1  1.5   1.5   0.030871145516
 2.1  1.5   2.1   0.030871145516
 2.1  2.1  -2.1   0.030871145516
 2.1  2.1  -1.5   0.030871145516
 2.1  2.1  -0.9   0.030871145516
 2.1  2.1  -0.3   0.030871145516
 2.1  2.1   0.3   0.030871145516
 2.1  2.1   0.9   0.018358576300
 2.1  2.1   1.5   0.017344138110
 2.1  2.1   2.1   0.030871145516
-2.1 -2.1  -2.1   0.030871145516
-2.1 -2.1  -1.5   0.030871145516
-2.1 -2.1  -0.9   0.030871145516
-2.1 -2.1  -0.3   0.030871145516
-2.1 -2.1   0.3   0.030871145516
-2.1 -2.1   0.9   0.030871145516
-2.1 -2.1   1.5   0.030871145516
-2.1 -2.1   2.1   0.030871145516
-2.1 -1.5  -2.1   0.030871145516
-2.1 -1.5  -1.5   0.030871145516
-2.1 -1.5  -0.9   0.030871145516
-2.1 -1.5  -0.3   0.030871145516
-2.1 -1.5   0.3   0.030871145516
-2.1 -1.5   0.9   0.030871145516
-2.1 -1.5   1.5   0.030871145516
-2.1 -1.5   2.1   0.030871145516
-2.1 -0.9  -2.1   0.030871145516
-2.1 -0.9  -1.5   0.030871145516
-2.1 -0.9  -0.9   0.030871145516
-2.1 -0.9  -0.3   0.030871145516
-2.1 -0.9   0.3   0.030871145516
-2.1 -0.9   0.9   0.030871145516
-2.1 -0.9   1.5   0.030871145516
-2.1 -0.9   2.1   0.030871145516
-2.1 -0.3  -2.1   0.030871145516
-2.1 -0.3  -1.5   0.030871145516
-2.1 -0.3  -0.9   0.030871145516
-2.1 -0.3  -0.3   0.030871145516
-2.1 -0.3   0.3   0.030871145516
-2.1 -0.3   0.9   0.030871145516
-2.1 -0.3   1.5   0.030871145516
-2.1 -0.3   2.1   0.030871145516
-2.1  0.3  -2.1   0.030871145516
-2.1  0.3  -1.5   0.030871145516
-2.1  0.3  -0.9   0.030871145516
-2.1  0.3  -0.3   0.030871145516
-2.1  0.3   0.3   0.030871145516
-2.1  0.3   0.9   0.030871145516
-2.1  0.3   1.5   0.030871145516
-2.1  0.3   2.1   0.030871145516
-2.1  0.9  -2.1   0.030871145516
-2.1  0.9  -1.5   0.030871145516
-2.1  0.9  -0.9   0.030871145516
-2.1  0.9  -0.3   0.030871145516
-2.1  0.9   0.3   0.030871145516
-2.1  0.9   0.9   0.030871145516
-2.1  0.9   1.5   0.030871145516
-2.1  0.9   2.1   0.030871145516
-2.1  1.5  -2.1   0.030871145516
-2.1  1.5  -1.5   0.030871145516
-2.1  1.5  -0.9   0.030871145516
-2.1  1.5  -0.3   0.030871145516
-2.1  1.5   0.3   0.030871145516
-2.1  1.5   0.9   0.030871145516
-2.1  1.5   1.5   0.030871145516
-2.1  1.5   2.1   0.030871145516
-2.1  2.1  -2.1   0.030871145516
-2.1  2.1  -1.5   0.030871145516
-2.1  2.1  -0.9   0.030871145516
-2.1  2.1  -0.3   0.030871145516
-2.1  2.1   0.3   0.030871145516
-2.1  2.1   0.9   0.030871145516
-2.1  2.1   1.5   0.030871145516
-2.1  2.1   2.1   0.030871145516
-1.5 -2.1  -2.1   0.030871145516
-1.5 -2.1  -1.5   0.030871145516
-1.5 -2.1  -0.9   0.030871145516
-1.5 -2.1  -0.3   0.030871145516
-1.5 -2.1   0.3   0.030871145516
-1.5 -2.1   0.9   0.030871145516
-1.5 -2.1   1.5   0.030871145516
-1.5 -2.1   2.1   0.030871145516
-1.5 -1.5  -2.1   0.030871145516
-1.5 -1.5  -1.5   0.030871145516
-1.5 -1.5  -0.9   0.030871145516
-1.5 -1.5  -0.3   0.030871145516
-1.5 -1.5   0.3   0.030871145516
-1.5 -1.5   0.9   0.030871145516
-1.5 -1.5   1.5   0.030871145516
-1.5 -1.5   2.1   0.030871145516
-1.5 -0.9  -2.1   0.030871145516
-1.5 -0.9  -1.5   0.030871145516
-1.5 -0.9  -0.9   0.030871145516
-1.5 -0.9  -0.3   0.030871145516
-1.5 -0.9   0.3   0.030871145516
-1.5 -0.9   0.9   0.030871145516
-1.5 -0.9   1.5   0.030871145516
-1.5 -0.9   2.1   0.030871145516
-1.5 -0.3  -2.1   0.030871145516
-1.5 -0.3  -1.5   0.030871145516
-1.5 -0.3  -0.9   0.030871145516
-1.5 -0.3  -0.3   0.030871145516
-1.5 -0.3   0.3   0.030871145516
-1.5 -0.3   0.9   0.030871145516
-1.5 -0.3   1.5   0.030871145516
-1.5 -0.3   2.1   0.030871145516
-1.5  0.3  -2.1   0.030871145516
-1.5  0.3  -1.5   0.030871145516
-1.5  0.3  -0.9   0.030871145516
-1.5  0.3  -0.3   0.030871145516
-1.5  0.3   0.3   0.030871145516
-1.5  0.3   0.9   0.030871145516
-1.5  0.3   1.5   0.030871145516
-1.5  0.3   2.1   0.030871145516
-1.5  0.9  -2.1   0.030871145516
-1.5  0.9  -1.5   0.030871145516
-1.5  0.9  -0.9   0.030871145516
-1.5  0.9  -0.3   0.030871145516
-1.5  0.9   0.3   0.030871145516
-1.5  0.9   0.9   0.030871145516
-1.5  0.9   1.5   0.030871145516
-1.5  0.9   2.1   0.030871145516
-1.5  1.5  -2.1   0.030871145516
-1.5  1.5  -1.5   0.030871145516
-1.5  1.5  -0.9   0.030871145516
-1.5  1.5  -0.3   0.030871145516
-1.5  1.5   0.3   0.030871145516
-1.5  1.5   0.9   0.030871145516
-1.5  1.5   1.5   0.030871145516
-1.5  1.5   2.1   0.030871145516
-1.5  2.1  -2.1   0.030871145516
-1.5  2.1  -1.5   0.030871145516
-1.5  2.1  -0.9   0.030871145516
-1.5  2.1  -0.3   0.030871145516
-1.5  2.1   0.3   0.030871145516
-1.5  2.1   0.9   0.030871145516
-1.5  2.1   1.5   0.030871145516
-1.5  2.1   2.1   0.030871145516
-0.9 -2.1  -2.1   0.030871145516
-0.9 -2.1  -1.5   0.030871145516
-0.9 -2.1  -0.9   0.030871145516
-0.9 -2.1  -0.3   0.030871145516
-0.9 -2.1   0.3   0.030871145516
-0.9 -2.1   0.9   0.030871145516
-0.9 -2.1   1.5   0.030871145516
-0.9 -2.1   2.1   0.030871145516
-0.9 -1.5  -2.1   0.030871145516
-0.9 -1.5  -1.5   0.030871145516
-0.9 -1.5  -0.9   0.030871145516
-0.9 -1.5  -0.3   0.030871145516
-0.9 -1.5   0.3   0.030871145516
-0.9 -1.5   0.9   0.030871145516
-0.9 -1.5   1.5   0.030871145516
-0.9 -1.5   2.1   0.030871145516
-0.9 -0.9  -2.1   0.030871145516
-0.9 -0.9  -1.5   0.030871145516
-0.9 -0.9  -0.9   0.030871145516
-0.9 -0.9  -0.3   0.030871145516
-0.9 -0.9   0.3   0.030871145516
-0.9 -0.9   0.9   0.030871145516
-0.9 -0.9   1.5   0.030871145516
-0.9 -0.9   2.1   0.030871145516
-0.9 -0.3  -2.1   0.030871145516
-0.9 -0.3  -1.5   0.030871145516
-0.9 -0.3  -0.9   0.030871145516
-0.9 -0.3  -0.3   0.030871145516
-0.9 -0.3   0.3   0.030871145516
-0.9 -0.3   0.9   0.030871145516
-0.9 -0.3   1.5   0.030871145516
-0.9 -0.3   2.1   0.030871145516
-0.9  0.3  -2.1   0.030871145516
-0.9  0.3  -1.5   0.030871145516
-0.9  0.3  -0.9   0.030871145516
-0.9  0.3  -0.3   0.030871145516
-0.9  0.3   0.3   0.030871145516
-0.9  0.3   0.9   0.030871145516
-0.9  0.3   1.5   0.030871145516
-0.9  0.3   2.1   0.030871145516
-0.9  0.9  -2.1   0.030871145516
-0.9  0.9  -1.5   0.030871145516
-0.9  0.9  -0.9   0.030871145516
-0.9  0.9  -0.3   0.030871145516
-0.9  0.9   0.3   0.030871145516
-0.9  0.9   0.9   0.030871145516
-0.9  0.9   1.5   0.030871145516
-0.9  0.9   2.1   0.030871145516
-0.9  1.5  -2.1   0.030871145516
-0.9  1.5  -1.5   0.030871145516
-0.9  1.5  -0.9   0.030871145516
-0.9  1.5  -0.3   0.030871145516
-0.9  1.5   0.3   0.030871145516
-0.9  1.5   0.9   0.030871145516
-0.9  1.5   1.5   0.030871145516
-0.9  1.5   2.1   0.030871145516
-0.9  2.1  -2.1   0.030871145516
-0.9  2.1  -1.5   0.030871145516
-0.9  2.1  -0.9   0.030871145516
-0.9  2.1  -0.3   0.030871145516
-0.9  2.1   0.3   0.030871145516
-0.9  2.1   0.9   0.030871145516
-0.9  2.1   1.5   0.030871145516
-0.9  2.1   2.1   0.030871145516
-0.3 -2.1  -2.1   0.030871145516
-0.3 -2.1  -1.5   0.030871145516
-0.3 -2.1  -0.9   0.030871145516
-0.3 -2.1  -0.3   0.030871145516
-0.3 -2.1   0.3   0.030871145516
-0.3 -2.1   0.9   0.030871145516
-0.3 -2.1   1.5   0.030871145516
-0.3 -2.1   2.1   0.030871145516
-0.3 -1.5  -2.1   0.030871145516
-0.3 -1.5  -1.5   0.030871145516
-0.3 -1.5  -0.9   0.030871145516
-0.3 -1.5  -0.3   0.030871145516
-0.3 -1.5   0.3   0.030871145516
-0.3 -1.5   0.9   0.030871145516
-0.3 -1.5   1.5   0.030871145516
-0.3 -1.5   2.1   0.030871145516
-0.3 -0.9  -2.1   0.030871145516
-0.3 -0.9  -1.5   0.030871145516
-0.3 -0.9  -0.9   0.030871145516
-0.3 -0.9  -0.3   0.030871145516
-0.3 -0.9   0.3   0.030871145516
-0.3 -0.9   0.9   0.030871145516
-0.3 -0.9   1.5   0.030871145516
-0.3 -0.9   2.1   0.030871145516
-0.3 -0.3  -2.1   0.030871145516
-0.3 -0.3  -1.5   0.030871145516
-0.3 -0.3  -0.9   0.030871145516
-0.3 -0.3  -0.3   0.030871145516
-0.3 -0.3   0.3   0.030871145516
-0.3 -0.3   0.9   0.030871145516
-0.3 -0.3   1.5   0.030871145516
-0.3 -0.3   2.1   0.030871145516
-0.3  0.3  -2.1   0.030871145516
-0.3  0.3  -1.5   0.030871145516
-0.3  0.3  -0.9   0.030871145516
-0.3  0.3  -0.3   0.030871145516
-0.3  0.3   0.3   0.030871145516
-0.3  0.3   0.9   0.030871145516
-0.3  0.3   1.5   0.030871145516
-0.3  0.3   2.1   0.030871145516
-0.3  0.9  -2.1   0.030871145516
-0.3  0.9  -1.5   0.030871145516
-0.3  0.9  -0.9   0.030871145516
-0.3  0.9  -0.3   0.030871145516
-0.3  0.9   0.3   0.030871145516
-0.3  0.9   0.9   0.030871145516
-0.3  0.9   1.5   0.030871145516
-0.3  0.9   2.1   0.030871145516
-0.3  1.5  -2.1   0.030871145516
-0.3  1.5  -1.5   0.030871145516
-0.3  1.5  -0.9   0.030871145516
-0.3  1.5  -0.3   0.030871145516
-0.3  1.5   0.3   0.030871145516
-0.3  1.5   0.9   0.030871145516
-0.3  1.5   1.5   0.030871145516
-0.3  1.5   2.1   0.030871145516
-0.3  2.1  -2.1   0.030871145516
-0.3  2.1  -1.5   0.030871145516
-0.3  2.1  -0.9   0.030871145516
-0.3  2.1  -0.3   0.026336177327
-0.3  2.1   0.3   0.030871145516
-0.3  2.1   0.9   0.030871145516
-0.3  2.1   1.5   0.030871145516
-0.3  2.1   2.1   0.030871145516
 0.3 -2.1  -2.1   0.030871145516
 0.3 -2.1  -1.5   0.030871145516
 0.3 -2.1  -0.9   0.030871145516
 0.3 -2.1  -0.3   0.030871145516
 0.3 -2.1   0.3   0.030871145516
 0.3 -2.1   0.9   0.030871145516
 0.3 -2.1   1.5   0.030871145516
 0.3 -2.1   2.1   0.030871145516
 0.3 -1.5  -2.1   0.030871145516
 0.3 -1.5  -1.5   0.030871145516
 0.3 -1.5  -0.9   0.030871145516
 0.3 -1.5  -0.3   0.030871145516
 0.3 -1.5   0.3   0.030871145516
 0.3 -1.5   0.9   0.030871145516
 0.3 -1.5   1.5   0.030871145516
 0.3 -1.5   2.1   0.030871145516
 0.3 -0.9  -2.1   0.030871145516
 0.3 -0.9  -1.5   0.030871145516
 0.3 -0.9  -0.9   0.030871145516
 0.3 -0.9  -0.3   0.030871145516
 0.3 -0.9   0.3   0.030871145516
 0.3 -0.9   0.9   0.030871145516
 0.3 -0.9   1.5   0.030871145516
 0.3 -0.9   2.1   0.030871145516
 0.3 -0.3  -2.1   0.030871145516
 0.3 -0.3  -1.5   0.030871145516
 0.3 -0.3  -0.9   0.030871145516
 0.3 -0.3  -0.3   0.030871145516
 0.3 -0.3   0.3   0.030871145516
 0.3 -0.3   0.9   0.030871145516
 0.3 -0.3   1.5   0.030871145516
 0.3 -0.3   2.1   0.030871145516
 0.3  0.3  -2.1   0.027178305131
 0.3  0.3  -1.5   0.030871145516
 0.3  0.3  -0.9   0.030871145516
 0.3  0.3  -0.3   0.030871145516
 0.3  0.3   0.3   0.022975217192
 0.3  0.3   0.9   0.030871145516
 0.3  0.3   1.5   0.030871145516
 0.3  0.3   2.1   0.030871145516
 0.3  0.9  -2.1   0.003131550478
 0.3  0.9  -1.5   0.009500635165
 0.3  0.9  -0.9   0.011392400440
 0.3  0.9  -0.3   0.000974142084
 0.3  0.9   0.3  -0.006160438963
 0.3  0.9   0.9   0.030871145516
 0.3  0.9   1.5   0.030871145516
 0.3  0.9   2.1   0.030871145516
 0.3  1.5  -2.1  -0.005600510474
 0.3  1.5  -1.5  -0.004738523261
 0.3  1.5  -0.9  -0.005612525523
 0.3  1.5  -0.3  -0.009903250471
 0.3  1.5   0.3  -0.006212283964
 0.3  1.5   0.9   0.030871145516
 0.3  1.5   1.5   0.030871145516
 0.3  1.5   2.1   0.030871145516
 0.3  2.1  -2.1   0.017591635171
 0.3  2.1  -1.5   0.001388448292
 0.3  2.1  -0.9  -0.007263881752
 0.3  2.1  -0.3  -0.010400501273
 0.3  2.1   0.3   0.003126002934
 0.3  2.1   0.9   0.030871145516
 0.3  2.1   1.5   0.030871145516
 0.3  2.1   2.1   0.030871145516
 0.9 -2.1  -2.1   0.030871145516
 0.9 -2.1  -1.5   0.030871145516
 0.9 -2.1  -0.9   0.030871145516
 0.9 -2.1  -0.3   0.030871145516
 0.9 -2.1   0.3   0.030871145516
 0.9 -2.1   0.9   0.030871145516
 0.9 -2.1   1.5   0.030871145516
 0.9 -2.1   2.1   0.030871145516
 0.9 -1.5  -2.1   0.030871145516
 0.9 -1.5  -1.5   0.030871145516
 0.9 -1.5  -0.9   0.030871145516
 0.9 -1.5  -0.3   0.030871145516
 0.9 -1.5   0.3   0.030871145516
 0.9 -1.5   0.9   0.030871145516
 0.9 -1.5   1.5   0.030871145516
 0.9 -1.5   2.1   0.030871145516
 0.9 -0.9  -2.1   0.030871145516
 0.9 -0.9  -1.5   0.030871145516
 0.9 -0.9  -0.9   0.030871145516
 0.9 -0.9  -0.3   0.030871145516
 0.9 -0.9   0.3   0.030871145516
 0.9 -0.9   0.9   0.030871145516
 0.9 -0.9   1.5   0.030871145516
 0.9 -0.9   2.1   0.030871145516
 0.9 -0.3  -2.1   0.030871145516
 0.9 -0.3  -1.5   0.030871145516
 0.9 -0.3  -0.9   0.030871145516
 0.9 -0.3  -0.3   0.030871145516
 0.9 -0.3   0.3   0.030871145516
 0.9 -0.3   0.9   0.030871145516
 0.9 -0.3   1.5   0.030871145516
 0.9 -0.3   2.1   0.030871145516
 0.9  0.3  -2.1   0.030871145516
 0.9  0.3  -1.5   0.026009668656
 0.9  0.3  -0.9   0.000308186646
 0.9  0.3  -0.3  -0.003865718800
 0.9  0.3   0.3   0.006634965514
 0.9  0.3   0.9   0.030871145516
 0.9  0.3   1.5   0.030871145516
 0.9  0.3   2.1   0.030871145516
 0.9  0.9  -2.1   0.030871145516
 0.9  0.9  -1.5   0.003483496973
 0.9  0.9  -0.9  -0.011205926372
 0.9  0.9  -0.3  -0.014563185057
 0.9  0.9   0.3  -0.013937460896
 0.9  0.9   0.9   0.002836743387
 0.9  0.9   1.5   0.030871145516
 0.9  0.9   2.1   0.030871145516
 0.9  1.5  -2.1   0.014493153863
 0.9  1.5  -1.5  -0.008292746029
 0.9  1.5  -0.9  -0.014219428677
 0.9  1.5  -0.3  -0.015706994957
 0.9  1.5   0.3  -0.014478141225
 0.9  1.5   0.9   0.008758106938
 0.9  1.5   1.5   0.030871145516
 0.9  1.5   2.1   0.030871145516
 0.9  2.1  -2.1   0.001821626032
 0.9  2.1  -1.5  -0.008752784752
 0.9  2.1  -0.9  -0.013263732103
 0.9  2.1  -0.3  -0.014958493162
 0.9  2.1   0.3  -0.013194827706
 0.9  2.1   0.9   0.009622996037
 0.9  2.1   1.5   0.030871145516
 0.9  2.1   2.1   0.030871145516
 1.5 -2.1  -2.1   0.030871145516
 1.5 -2.1  -1.5   0.030871145516
 1.5 -2.1  -0.9   0.030871145516
 1.5 -2.1  -0.3   0.030871145516
 1.5 -2.1   0.3   0.030871145516
 1.5 -2.1   0.9   0.030871145516
 1.5 -2.1   1.5   0.030871145516
 1.5 -2.1   2.1   0.030871145516
 1.5 -1.5  -2.1   0.030871145516
 1.5 -1.5  -1.5   0.030871145516
 1.5 -1.5  -0.9   0.030871145516
 1.5 -1.5  -0.3   0.030871145516
 1.5 -1.5   0.3   0.030871145516
 1.5 -1.5   0.9   0.030871145516
 1.5 -1.5   1.5   0.030871145516
 1.5 -1.5   2.1   0.030871145516
 1.5 -0.9  -2.1   0.030871145516
 1.5 -0.9  -1.5   0.030871145516
 1.5 -0.9  -0.9   0.030871145516
 1.5 -0.9  -0.3   0.030871145516
 1.5 -0.9   0.3   0.030871145516
 1.5 -0.9   0.9   0.030871145516
 1.5 -0.9   1.5   0.030871145516
 1.5 -0.9   2.1   0.030871145516
 1.5 -0.3  -2.1   0.030871145516
 1.5 -0.3  -1.5   0.030871145516
 1.5 -0.3  -0.9   0.030871145516
 1.5 -0.3  -0.3   0.030871145516
 1.5 -0.3   0.3   0.030871145516
 1.5 -0.3   0.9   0.030871145516
 1.5 -0.3   1.5   0.030871145516
 1.5 -0.3   2.1   0.030871145516
 1.5  0.3  -2.1   0.030871145516
 1.5  0.3  -1.5   0.030871145516
 1.5  0.3  -0.9   0.020899842692
 1.5  0.3  -0.3  -0.005411751941
 1.5  0.3   0.3   0.007587043991
 1.5  0.3   0.9   0.030871145516
 1.5  0.3   1.5   0.030871145516
 1.5  0.3   2.1   0.030871145516
 1.5  0.9  -2.1   0.030871145516
 1.5  0.9  -1.5   0.030871145516
 1.5  0.9  -0.9  -0.001358450800
 1.5  0.9  -0.3  -0.014230140965
 1.5  0.9   0.3  -0.013990367865
 1.5  0.9   0.9  -0.004226793892
 1.5  0.9   1.5   0.030871145516
 1.5  0.9   2.1   0.030871145516
 1.5  1.5  -2.1   0.030871145516
 1.5  1.5  -1.5   0.022623909730
 1.5  1.5  -0.9  -0.009572450711
 1.5  1.5  -0.3  -0.014419235993
 1.5  1.5   0.3  -0.015323093739
 1.5  1.5   0.9  -0.011902861005
 1.5  1.5   1.5   0.018012986175
 1.5  1.5   2.1   0.030871145516
 1.5  2.1  -2.1   0.027712434604
 1.5  2.1  -1.5  -0.003527750760
 1.5  2.1  -0.9  -0.010343525487
 1.5  2.1  -0.3  -0.012184535511
 1.5  2.1   0.3  -0.013699021429
 1.5  2.1   0.9  -0.011346488872
 1.5  2.1   1.5   0.014635648897
 1.5  2.1   2.1   0.030871145516
 2.1 -2.1  -2.1   0.030871145516
 2.1 -2.1  -1.5   0.030871145516
 2.1 -2.1  -0.9   0.030871145516
 2.1 -2.1  -0.3   0.030871145516
 2.1 -2.1   0.3   0.030871145516
 2.1 -2.1   0.9   0.030871145516
 2.1 -2.1   1.5   0.030871145516
 2.1 -2.1   2.1   0.030871145516
 2.1 -1.5  -2.1   0.030871145516
 2.1 -1.5  -1.5   0.030871145516
 2.1 -1.5  -0.9   0.030871145516
 2.1 -1.5  -0.3   0.030871145516
 2.1 -1.5   0.3   0.030871145516
 2.1 -1.5   0.9   0.030871145516
 2.1 -1.5   1.5   0.030871145516
 2.1 -1.5   2.1   0.030871145516
 2.1 -0.9  -2.1   0.030871145516
 2.1 -0.9  -1.5   0.030871145516
 2.1 -0.9  -0.9   0.030871145516
 2.1 -0.9  -0.3   0.030871145516
 2.1 -0.9   0.3   0.030871145516
 2.1 -0.9   0.9   0.030871145516
 2.1 -0.9   1.5   0.030871145516
 2.1 -0.9   2.1   0.030871145516
 2.1 -0.3  -2.1   0.030871145516
 2.1 -0.3  -1.5   0.030871145516
 2.1 -0.3  -0.9   0.030871145516
 2.1 -0.3  -0.3   0.030871145516
 2.1 -0.3   0.3   0.030871145516
 2.1 -0.3   0.9   0.030871145516
 2.1 -0.3   1.5   0.030871145516
 2.1 -0.3   2.1   0.030871145516
 2.1  0.3  -2.1   0.030871145516
 2.1  0.3  -1.5   0.030871145516
 2.1  0.3  -0.9   0.030871145516
 2.1  0.3  -0.3   0.003027094871
 2.1  0.3   0.3   0.030871145516
 2.1  0.3   0.9   0.030871145516
 2.1  0.3   1.5   0.030871145516
 2.1  0.3   2.1   0.030871145516
 2.1  0.9  -2.1   0.030871145516
 2.1  0.9  -1.5   0.030871145516
 2.1  0.9  -0.9   0.030871145516
 2.1  0.9  -0.3  -0.009304245286
 2.1  0.9   0.3  -0.007840230604
 2.1  0.9   0.9   0.023351869864
 2.1  0.9   1.5   0.030871145516
 2.1  0.9   2.1   0.030871145516
 2.1  1.5  -2.1   0.030871145516
 2.1  1.5  -1.5   0.030871145516
 2.1  1.5  -0.9   0.011561774980
 2.1  1.5  -0.3  -0.003133723807
 2.1  1.5   0.3  -0.009151013268
 2.1  1.5   0.9  -0.010879673932
 2.1  1.5   1.5  -0.004540932495
 2.1  1.5   2.1   0.013254655986
 2.1  2.1  -2.1   0.030871145516
 2.1  2.1  -1.5   0.030871145516
 2.1  2.1  -0.9   0.030871145516
 2.1  2.1  -0.3   0.030039297803
 2.1  2.1   0.3   0.008644569039
 2.1  2.1   0.9  -0.007011096464
 2.1  2.1   1.5  -0.009019378703
 2.1  2.1   2.1   0.004295917474
