-2.1 -2.1  -2.1   0.031536290517
-2.1 -2.1  -1.5   0.031536290517
-2.1 -2.1  -0.9   0.031536290517
-2.1 -2.1  -0.3   0.031536290517
-2.1 -2.1   0.3   0.031536290517
-2.1 -2.1   0.9   0.031536290517
-2.1 -2.1   1.5   0.031536290517
-2.1 -2.1   2.1   0.031536290517
-2.1 -1.5  -2.1   0.031536290517
-2.1 -1.5  -1.5   0.031536290517
-2.1 -1.5  -0.9   0.031536290517
-2.1 -1.5  -0.3   0.031536290517
-2.1 -1.5   0.3   0.031536290517
-2.1 -1.5   0.9   0.031536290517
-2.1 -1.5   1.5   0.031536290517
-2.1 -1.5   2.1   0.031536290517
-2.1 -0.9  -2.1   0.031536290517
-2.1 -0.9  -1.5   0.031536290517
-2.1 -0.9  -0.9   0.031536290517
-2.1 -0.9  -0.3   0.031536290517
-2.1 -0.9   0.3   0.031536290517
-2.1 -0.9   0.9   0.031536290517
-2.1 -0.9   1.5   0.031536290517
-2.1 -0.9   2.1   0.031536290517
-2.1 -0.3  -2.1   0.031536290517
-2.1 -0.3  -1.5   0.031536290517
-2.1 -0.3  -0.9   0.031536290517
-2.1 -0.3  -0.3   0.031446535080
-2.1 -0.3   0.3   0.031536290517
-2.1 -0.3   0.9   0.031536290517
-2.1 -0.3   1.5   0.031536290517
-2.1 -0.3   2.1   0.031536290517
-2.1  0.3  -2.1   0.031536290517
-2.1  0.3  -1.5   0.028551093639
-2.1  0.3  -0.9   0.026161405996
-2.1  0.3  -0.3   0.026163127878
-2.1  0.3   0.3   0.027523010568
-2.1  0.3   0.9   0.031536290517
-2.1  0.3   1.5   0.031536290517
-2.1  0.3   2.1   0.031536290517
-2.1  0.9  -2.1   0.012834768813
-2.1  0.9  -1.5   0.018018439344
-2.1  0.9  -0.9   0.020427878165
-2.1  0.9  -0.3   0.021907248707
-2.1  0.9   0.3   0.023607575115
-2.1  0.9   0.9   0.028519989396
-2.1  0.9   1.5   0.031536290517
-2.1  0.9   2.1   0.031536290517
-2.1  1.5  -2.1   0.010335375877
-2.1  1.5  -1.5   0.014102486695
-2.1  1.5  -0.9   0.016924997311
-2.1  1.5  -0.3   0.018929598464
-2.1  1.5   0.3   0.020510304568
-2.1  1.5   0.9   0.022230205551
-2.1  1.5   1.5   0.023120913387
-2.1  1.5   2.1  -0.006943464921
-2.1  2.1  -2.1   0.009629890136
-2.1  2.1  -1.5   0.012257055507
-2.1  2.1  -0.9   0.014797619071
-2.1  2.1  -0.3   0.017129134873
-2.1  2.1   0.3   0.019261987812
-2.1  2.1   0.9   0.021023611308
-2.1  2.1   1.5   0.019121853152
-2.1  2.1   2.1   0.000331061671
-1.5 -2.1  -2.1   0.031536290517
-1.5 -2.1  -1.5   0.031536290517
-1.5 -2.1  -0.9   0.031536290517
-1.5 -2.1  -0.3   0.031536290517
-1.5 -2.1   0.3   0.031536290517
-1.5 -2.1   0.9   0.031536290517
-1.5 -2.1   1.5   0.031536290517
-1.5 -2.1   2.1   0.031536290517
-1.5 -1.5  -2.1   0.031536290517
-1.5 -1.5  -1.5   0.031536290517
-1.5 -1.5  -0.9   0.031536290517
-1.5 -1.5  -0.3   0.031536290517
-1.5 -1.5   0.3   0.031536290517
-1.5 -1.5   0.9   0.031536290517
-1.5 -1.5   1.5   0.031536290517
-1.5 -1.5   2.1   0.031536290517
-1.5 -0.9  -2.1   0.031536290517
-1.5 -0.9  -1.5   0.031536290517
-1.5 -0.9  -0.9   0.031536290517
-1.5 -0.9  -0.3   0.031536290517
-1.5 -0.9   0.3   0.031536290517
-1.5 -0.9   0.9   0.031536290517
-1.5 -0.9   1.5   0.031536290517
-1.5 -0.9   2.1   0.031536290517
-1.5 -0.3  -2.1   0.031536290517
-1.5 -0.3  -1.5   0.031536290517
-1.5 -0.3  -0.9   0.030999533391
-1.5 -0.3  -0.3   0.030213595420
-1.5 -0.3   0.3   0.031377587288
-1.5 -0.3   0.9   0.031536290517
-1.5 -0.3   1.5   0.031536290517
-1.5 -0.3   2.1   0.031536290517
-1.5  0.3  -2.1   0.026871420348
-1.5  0.3  -1.5   0.025504476682
-1.5  0.3  -0.9   0.024272013220
-1.5  0.3  -0.3   0.024550021389
-1.5  0.3   0.3   0.026153282248
-1.5  0.3   0.9   0.030941875591
-1.5  0.3   1.5   0.031536290517
-1.5  0.3   2.1   0.031536290517
-1.5  0.9  -2.1   0.015294460714
-1.5  0.9  -1.5   0.017609561876
-1.5  0.9  -0.9   0.018961979927
-1.5  0.9  -0.3   0.020199079224
-1.5  0.9   0.3   0.021935013257
-1.5  0.9   0.9   0.026107422174
-1.5  0.9   1.5   0.031536290517
-1.5  0.9   2.1   0.031536290517
-1.5  1.5  -2.1   0.011073044402
-1.5  1.5  -1.5   0.013442734883
-1.5  1.5  -0.9   0.015365363756
-1.5  1.5  -0.3   0.016982478507
-1.5  1.5   0.3   0.018494555336
-1.5  1.5   0.9   0.019896147925
-1.5  1.5   1.5   0.018657121760
-1.5  1.5   2.1  -0.016156880497
-1.5  2.1  -2.1   0.009162702067
-1.5  2.1  -1.5   0.011045651980
-1.5  2.1  -0.9   0.012871388754
-1.5  2.1  -0.3   0.014710096404
-1.5  2.1   0.3   0.016565064166
-1.5  2.1   0.9   0.017821763268
-1.5  2.1   1.5   0.014924164744
-1.5  2.1   2.1  -0.003757438638
-0.9 -2.1  -2.1   0.031536290517
-0.9 -2.1  -1.5   0.031536290517
-0.9 -2.1  -0.9   0.031536290517
-0.9 -2.1  -0.3   0.031536290517
-0.9 -2.1   0.3   0.031536290517
-0.9 -2.1   0.9   0.031536290517
-0.9 -2.1   1.5   0.031536290517
-0.9 -2.1   2.1   0.031536290517
-0.9 -1.5  -2.1   0.031536290517
-0.9 -1.5  -1.5   0.031536290517
-0.9 -1.5  -0.9   0.031536290517
-0.9 -1.5  -0.3   0.031536290517
-0.9 -1.5   0.3   0.031536290517
-0.9 -1.5   0.9   0.031536290517
-0.9 -1.5   1.5   0.031536290517
-0.9 -1.5   2.1   0.031536290517
-0.9 -0.9  -2.1   0.031536290517
-0.9 -0.9  -1.5   0.031536290517
-0.9 -0.9  -0.9   0.031536290517
-0.9 -0.9  -0.3   0.031536290517
-0.9 -0.9   0.3   0.031536290517
-0.9 -0.9   0.9   0.031536290517
-0.9 -0.9   1.5   0.031536290517
-0.9 -0.9   2.1   0.031536290517
-0.9 -0.3  -2.1   0.031369867204
-0.9 -0.3  -1.5   0.029169425687
-0.9 -0.3  -0.9   0.027707264499
-0.9 -0.3  -0.3   0.027945492791
-0.9 -0.3   0.3   0.029239079892
-0.9 -0.3   0.9   0.031065296018
-0.9 -0.3   1.5   0.031536290517
-0.9 -0.3   2.1   0.031536290517
-0.9  0.3  -2.1   0.020563616667
-0.9  0.3  -1.5   0.021500761690
-0.9  0.3  -0.9   0.021763074248
-0.9  0.3  -0.3   0.022461760764
-0.9  0.3   0.3   0.023764663685
-0.9  0.3   0.9   0.026001945897
-0.9  0.3   1.5   0.029832040995
-0.9  0.3   2.1   0.031145502266
-0.9  0.9  -2.1   0.014107488351
-0.9  0.9  -1.5   0.015954203065
-0.9  0.9  -0.9   0.017198675547
-0.9  0.9  -0.3   0.018326987256
-0.9  0.9   0.3   0.019589719250
-0.9  0.9   0.9   0.021240726053
-0.9  0.9   1.5   0.022998439049
-0.9  0.9   2.1   0.016500906737
-0.9  1.5  -2.1   0.010530017862
-0.9  1.5  -1.5   0.012357328297
-0.9  1.5  -0.9   0.013877150438
-0.9  1.5  -0.3   0.015198650310
-0.9  1.5   0.3   0.016320487619
-0.9  1.5   0.9   0.016780475952
-0.9  1.5   1.5   0.014120276316
-0.9  1.5   2.1  -0.001303845856
-0.9  2.1  -2.1   0.008327280502
-0.9  2.1  -1.5   0.009870067371
-0.9  2.1  -0.9   0.011334073432
-0.9  2.1  -0.3   0.012799949595
-0.9  2.1   0.3   0.014167341076
-0.9  2.1   0.9   0.014775297685
-0.9  2.1   1.5   0.012498358588
-0.9  2.1   2.1   0.003332171760
-0.3 -2.1  -2.1   0.031536290517
-0.3 -2.1  -1.5   0.031536290517
-0.3 -2.1  -0.9   0.031536290517
-0.3 -2.1  -0.3   0.031536290517
-0.3 -2.1   0.3   0.031536290517
-0.3 -2.1   0.9   0.031536290517
-0.3 -2.1   1.5   0.031536290517
-0.3 -2.1   2.1   0.031536290517
-0.3 -1.5  -2.1   0.031536290517
-0.3 -1.5  -1.5   0.031536290517
-0.3 -1.5  -0.9   0.031536290517
-0.3 -1.5  -0.3   0.031536290517
-0.3 -1.5   0.3   0.031536290517
-0.3 -1.5   0.9   0.031536290517
-0.3 -1.5   1.5   0.031536290517
-0.3 -1.5   2.1   0.031536290517
-0.3 -0.9  -2.1   0.031536290517
-0.3 -0.9  -1.5   0.031536290517
-0.3 -0.9  -0.9   0.030267979753
-0.3 -0.9  -0.3   0.031164789861
-0.3 -0.9   0.3   0.031536290517
-0.3 -0.9   0.9   0.031536290517
-0.3 -0.9   1.5   0.031536290517
-0.3 -0.9   2.1   0.031536290517
-0.3 -0.3  -2.1   0.025103461212
-0.3 -0.3  -1.5   0.024239442539
-0.3 -0.3  -0.9   0.023982689830
-0.3 -0.3  -0.3   0.024760579740
-0.3 -0.3   0.3   0.026105769672
-0.3 -0.3   0.9   0.027331206849
-0.3 -0.3   1.5   0.027490578647
-0.3 -0.3   2.1   0.025741944950
-0.3  0.3  -2.1   0.016627301035
-0.3  0.3  -1.5   0.018144064157
-0.3  0.3  -0.9   0.019030013166
-0.3  0.3  -0.3   0.019990649573
-0.3  0.3   0.3   0.021083574410
-0.3  0.3   0.9   0.022046345824
-0.3  0.3   1.5   0.022247225687
-0.3  0.3   2.1   0.020573670436
-0.3  0.9  -2.1   0.012196461679
-0.3  0.9  -1.5   0.013977543066
-0.3  0.9  -0.9   0.015264520160
-0.3  0.9  -0.3   0.016354862175
-0.3  0.9   0.3   0.017297390444
-0.3  0.9   0.9   0.017842116790
-0.3  0.9   1.5   0.017150147503
-0.3  0.9   2.1   0.013625550759
-0.3  1.5  -2.1   0.009424235678
-0.3  1.5  -1.5   0.011055986422
-0.3  1.5  -0.9   0.012412255054
-0.3  1.5  -0.3   0.013556019546
-0.3  1.5   0.3   0.014410653019
-0.3  1.5   0.9   0.014570415866
-0.3  1.5   1.5   0.012978277857
-0.3  1.5   2.1   0.008155082895
-0.3  2.1  -2.1   0.007353361011
-0.3  2.1  -1.5   0.008787413903
-0.3  2.1  -0.9   0.010104072954
-0.3  2.1  -0.3   0.011329393446
-0.3  2.1   0.3   0.012342320176
-0.3  2.1   0.9   0.012715760314
-0.3  2.1   1.5   0.011616774201
-0.3  2.1   2.1   0.008395162368
 0.3 -2.1  -2.1   0.031536290517
 0.3 -2.1  -1.5   0.031536290517
 0.3 -2.1  -0.9   0.031536290517
 0.3 -2.1  -0.3   0.031536290517
 0.3 -2.1   0.3   0.031536290517
 0.3 -2.1   0.9   0.031536290517
 0.3 -2.1   1.5   0.031536290517
 0.3 -2.1   2.1   0.031536290517
 0.3 -1.5  -2.1   0.031536290517
 0.3 -1.5  -1.5   0.030411236506
 0.3 -1.5  -0.9   0.029193380654
 0.3 -1.5  -0.3   0.031397451998
 0.3 -1.5   0.3   0.031536290517
 0.3 -1.5   0.9   0.031536290517
 0.3 -1.5   1.5   0.031536290517
 0.3 -1.5   2.1   0.031536290517
 0.3 -0.9  -2.1   0.027869679549
 0.3 -0.9  -1.5   0.024775105355
 0.3 -0.9  -0.9   0.024269707917
 0.3 -0.9  -0.3   0.025766562178
 0.3 -0.9   0.3   0.028340897956
 0.3 -0.9   0.9   0.030762891375
 0.3 -0.9   1.5   0.031350232710
 0.3 -0.9   2.1   0.028940702433
 0.3 -0.3  -2.1   0.018288601284
 0.3 -0.3  -1.5   0.019155470837
 0.3 -0.3  -0.9   0.019820656352
 0.3 -0.3  -0.3   0.021090256950
 0.3 -0.3   0.3   0.022783106104
 0.3 -0.3   0.9   0.024249363856
 0.3 -0.3   1.5   0.024599577516
 0.3 -0.3   2.1   0.023264302592
 0.3  0.3  -2.1   0.013202759480
 0.3  0.3  -1.5   0.014970144656
 0.3  0.3  -0.9   0.016176291084
 0.3  0.3  -0.3   0.017364335681
 0.3  0.3   0.3   0.018562806176
 0.3  0.3   0.9   0.019443466550
 0.3  0.3   1.5   0.019495901940
 0.3  0.3   2.1   0.018446500337
 0.3  0.9  -2.1   0.010299547497
 0.3  0.9  -1.5   0.012003538421
 0.3  0.9  -0.9   0.013311010951
 0.3  0.9  -0.3   0.014424324001
 0.3  0.9   0.3   0.015338166859
 0.3  0.9   0.9   0.015817357640
 0.3  0.9   1.5   0.015468840632
 0.3  0.9   2.1   0.014124202585
 0.3  1.5  -2.1   0.008271026067
 0.3  1.5  -1.5   0.009777379059
 0.3  1.5  -0.9   0.011044248615
 0.3  1.5  -0.3   0.012103703987
 0.3  1.5   0.3   0.012886078358
 0.3  1.5   0.9   0.013161071658
 0.3  1.5   1.5   0.012579091492
 0.3  1.5   2.1   0.011024336601
 0.3  2.1  -2.1   0.006535063652
 0.3  2.1  -1.5   0.007913063941
 0.3  2.1  -0.9   0.009153256948
 0.3  2.1  -0.3   0.010234232686
 0.3  2.1   0.3   0.011064211087
 0.3  2.1   0.9   0.011434469213
 0.3  2.1   1.5   0.011081533971
 0.3  2.1   2.1   0.009977303373
 0.9 -2.1  -2.1   0.022446648574
 0.9 -2.1  -1.5   0.022143546978
 0.9 -2.1  -0.9   0.022748302653
 0.9 -2.1  -0.3   0.026858036346
 0.9 -2.1   0.3   0.031536290517
 0.9 -2.1   0.9   0.031536290517
 0.9 -2.1   1.5   0.031536290517
 0.9 -2.1   2.1   0.031536290517
 0.9 -1.5  -2.1   0.019628070533
 0.9 -1.5  -1.5   0.019599757252
 0.9 -1.5  -0.9   0.020007111516
 0.9 -1.5  -0.3   0.023189725573
 0.9 -1.5   0.3   0.029523884132
 0.9 -1.5   0.9   0.031536290517
 0.9 -1.5   1.5   0.031536290517
 0.9 -1.5   2.1   0.031536290517
 0.9 -0.9  -2.1   0.015971986379
 0.9 -0.9  -1.5   0.016860379451
 0.9 -0.9  -0.9   0.017616938215
 0.9 -0.9  -0.3   0.019937924049
 0.9 -0.9   0.3   0.024062287427
 0.9 -0.9   0.9   0.028777420135
 0.9 -0.9   1.5   0.031536290517
 0.9 -0.9   2.1   0.030788918275
 0.9 -0.3  -2.1   0.012626626142
 0.9 -0.3  -1.5   0.014210038060
 0.9 -0.3  -0.9   0.015382122141
 0.9 -0.3  -0.3   0.017148800904
 0.9 -0.3   0.3   0.019657194298
 0.9 -0.3   0.9   0.022245182135
 0.9 -0.3   1.5   0.023735612454
 0.9 -0.3   2.1   0.023074734797
 0.9  0.3  -2.1   0.010306674699
 0.9  0.3  -1.5   0.011982459565
 0.9  0.3  -0.9   0.013294135882
 0.9  0.3  -0.3   0.014699339376
 0.9  0.3   0.3   0.016259568966
 0.9  0.3   0.9   0.017630098309
 0.9  0.3   1.5   0.018252545843
 0.9  0.3   2.1   0.017757501769
 0.9  0.9  -2.1   0.008656522529
 0.9  0.9  -1.5   0.010170620834
 0.9  0.9  -0.9   0.011431268279
 0.9  0.9  -0.3   0.012592349348
 0.9  0.9   0.3   0.013645314552
 0.9  0.9   0.9   0.014392677333
 0.9  0.9   1.5   0.014559059648
 0.9  0.9   2.1   0.014032722113
 0.9  1.5  -2.1   0.007295823049
 0.9  1.5  -1.5   0.008643416047
 0.9  1.5  -0.9   0.009815790261
 0.9  1.5  -0.3   0.010831785472
 0.9  1.5   0.3   0.011642372208
 0.9  1.5   0.9   0.012111632211
 0.9  1.5   1.5   0.012083006720
 0.9  1.5   2.1   0.011528314906
 0.9  2.1  -2.1   0.005999820268
 0.9  2.1  -1.5   0.007274977561
 0.9  2.1  -0.9   0.008417748659
 0.9  2.1  -0.3   0.009390204867
 0.9  2.1   0.3   0.010132657447
 0.9  2.1   0.9   0.010550027638
 0.9  2.1   1.5   0.010553569163
 0.9  2.1   2.1   0.010149611357
 1.5 -2.1  -2.1   0.012895813611
 1.5 -2.1  -1.5   0.010674832508
 1.5 -2.1  -0.9   0.007889616709
 1.5 -2.1  -0.3   0.013362235348
 1.5 -2.1   0.3   0.031536290517
 1.5 -2.1   0.9   0.031536290517
 1.5 -2.1   1.5   0.031536290517
 1.5 -2.1   2.1   0.031536290517
 1.5 -1.5  -2.1   0.010826260314
 1.5 -1.5  -1.5   0.009589457458
 1.5 -1.5  -0.9   0.007729696180
 1.5 -1.5  -0.3   0.011213913858
 1.5 -1.5   0.3   0.024811718988
 1.5 -1.5   0.9   0.031536290517
 1.5 -1.5   1.5   0.031536290517
 1.5 -1.5   2.1   0.031536290517
 1.5 -0.9  -2.1   0.009664286768
 1.5 -0.9  -1.5   0.009780807054
 1.5 -0.9  -0.9   0.009683867651
 1.5 -0.9  -0.3   0.012335297044
 1.5 -0.9   0.3   0.019518649066
 1.5 -0.9   0.9   0.029431930616
 1.5 -0.9   1.5   0.031536290517
 1.5 -0.9   2.1   0.031536290517
 1.5 -0.3  -2.1   0.008855488140
 1.5 -0.3  -1.5   0.009800810523
 1.5 -0.3  -0.9   0.010667096656
 1.5 -0.3  -0.3   0.012695214421
 1.5 -0.3   0.3   0.016413264232
 1.5 -0.3   0.9   0.020944127241
 1.5 -0.3   1.5   0.024400082095
 1.5 -0.3   2.1   0.024572191401
 1.5  0.3  -2.1   0.008123697979
 1.5  0.3  -1.5   0.009335751154
 1.5  0.3  -0.9   0.010473489061
 1.5  0.3  -0.3   0.011997906040
 1.5  0.3   0.3   0.014027020352
 1.5  0.3   0.9   0.016129355623
 1.5  0.3   1.5   0.017509374235
 1.5  0.3   2.1   0.017494561639
 1.5  0.9  -2.1   0.007365698007
 1.5  0.9  -1.5   0.008571951659
 1.5  0.9  -0.9   0.009693587135
 1.5  0.9  -0.3   0.010871918555
 1.5  0.9   0.3   0.012102483533
 1.5  0.9   0.9   0.013173228898
 1.5  0.9   1.5   0.013764054993
 1.5  0.9   2.1   0.013662855037
 1.5  1.5  -2.1   0.006555697846
 1.5  1.5  -1.5   0.007694842272
 1.5  1.5  -0.9   0.008740509978
 1.5  1.5  -0.3   0.009710875330
 1.5  1.5   0.3   0.010568706583
 1.5  1.5   0.9   0.011204071381
 1.5  1.5   1.5   0.011484838976
 1.5  1.5   2.1   0.011346845630
 1.5  2.1  -2.1   0.005702114532
 1.5  2.1  -1.5   0.006817414368
 1.5  2.1  -0.9   0.007825219604
 1.5  2.1  -0.3   0.008693962413
 1.5  2.1   0.3   0.009385550111
 1.5  2.1   0.9   0.009847506309
 1.5  2.1   1.5   0.010032785169
 1.5  2.1   2.1   0.009934432940
 2.1 -2.1  -2.1   0.005854378050
 2.1 -2.1  -1.5  -0.003650231018
 2.1 -2.1  -0.9  -0.027465945651
 2.1 -2.1  -0.3  -0.031536290517
 2.1 -2.1   0.3   0.031536290517
 2.1 -2.1   0.9   0.031536290517
 2.1 -2.1   1.5   0.031536290517
 2.1 -2.1   2.1   0.031536290517
 2.1 -1.5  -2.1   0.004985357721
 2.1 -1.5  -1.5  -0.001789804325
 2.1 -1.5  -0.9  -0.015814882041
 2.1 -1.5  -0.3  -0.022240480074
 2.1 -1.5   0.3   0.009960882427
 2.1 -1.5   0.9   0.031536290517
 2.1 -1.5   1.5   0.031536290517
 2.1 -1.5   2.1   0.031536290517
 2.1 -0.9  -2.1   0.005582897893
 2.1 -0.9  -1.5   0.002917333934
 2.1 -0.9  -0.9  -0.000920676773
 2.1 -0.9  -0.3  -0.000055939072
 2.1 -0.9   0.3   0.011535580867
 2.1 -0.9   0.9   0.029011208118
 2.1 -0.9   1.5   0.031536290517
 2.1 -0.9   2.1   0.031536290517
 2.1 -0.3  -2.1   0.006287815980
 2.1 -0.3  -1.5   0.005952238313
 2.1 -0.3  -0.9   0.005739447193
 2.1 -0.3  -0.3   0.007500474652
 2.1 -0.3   0.3   0.012403071686
 2.1 -0.3   0.9   0.019036815544
 2.1 -0.3   1.5   0.024551112544
 2.1 -0.3   2.1   0.025539053071
 2.1  0.3  -2.1   0.006561172546
 2.1  0.3  -1.5   0.007134414006
 2.1  0.3  -0.9   0.007876488151
 2.1  0.3  -0.3   0.009343490160
 2.1  0.3   0.3   0.011736044452
 2.1  0.3   0.9   0.014486154052
 2.1  0.3   1.5   0.016519878969
 2.1  0.3   2.1   0.016907160385
 2.1  0.9  -2.1   0.006422283569
 2.1  0.9  -1.5   0.007271458111
 2.1  0.9  -0.9   0.008187003929
 2.1  0.9  -0.3   0.009318298971
 2.1  0.9   0.3   0.010664693590
 2.1  0.9   0.9   0.011978123325
 2.1  0.9   1.5   0.012869200135
 2.1  0.9   2.1   0.013055838210
 2.1  1.5  -2.1   0.006027023472
 2.1  1.5  -1.5   0.006938270894
 2.1  1.5  -0.9   0.007836285688
 2.1  1.5  -0.3   0.008741544368
 2.1  1.5   0.3   0.009619889978
 2.1  1.5   0.9   0.010360879275
 2.1  1.5   1.5   0.010824087463
 2.1  1.5   2.1   0.010928015309
 2.1  2.1  -2.1   0.005529961076
 2.1  2.1  -1.5   0.006465235997
 2.1  2.1  -0.9   0.007327826076
 2.1  2.1  -0.3   0.008097491322
 2.1  2.1   0.3   0.008747712867
 2.1  2.1   0.9   0.009238291402
 2.1  2.1   1.5   0.009530541360
 2.1  2.1   2.1   0.009619278174
-2.1 -2.1  -2.1   0.031536290517
-2.1 -2.1  -1.5   0.031536290517
-2.1 -2.1  -0.9   0.031536290517
-2.1 -2.1  -0.3   0.031536290517
-2.1 -2.1   0.3   0.031536290517
-2.1 -2.1   0.9   0.031536290517
-2.1 -2.1   1.5   0.031536290517
-2.1 -2.1   2.1   0.031536290517
-2.1 -1.5  -2.1   0.031536290517
-2.1 -1.5  -1.5   0.031536290517
-2.1 -1.5  -0.9   0.031536290517
-2.1 -1.5  -0.3   0.031536290517
-2.1 -1.5   0.3   0.031536290517
-2.1 -1.5   0.9   0.031536290517
-2.1 -1.5   1.5   0.031536290517
-2.1 -1.5   2.1   0.031536290517
-2.1 -0.9  -2.1   0.031536290517
-2.1 -0.9  -1.5   0.031536290517
-2.1 -0.9  -0.9   0.031536290517
-2.1 -0.9  -0.3   0.031536290517
-2.1 -0.9   0.3   0.031536290517
-2.1 -0.9   0.9   0.031536290517
-2.1 -0.9   1.5   0.031536290517
-2.1 -0.9   2.1   0.031536290517
-2.1 -0.3  -2.1   0.031536290517
-2.1 -0.3  -1.5   0.031536290517
-2.1 -0.3  -0.9   0.031536290517
-2.1 -0.3  -0.3   0.031536290517
-2.1 -0.3   0.3   0.031536290517
-2.1 -0.3   0.9   0.031536290517
-2.1 -0.3   1.5   0.031536290517
-2.1 -0.3   2.1   0.031536290517
-2.1  0.3  -2.1   0.031536290517
-2.1  0.3  -1.5   0.031536290517
-2.1  0.3  -0.9   0.031536290517
-2.1  0.3  -0.3   0.031536290517
-2.1  0.3   0.3   0.031536290517
-2.1  0.3   0.9   0.031536290517
-2.1  0.3   1.5   0.031536290517
-2.1  0.3   2.1   0.031536290517
-2.1  0.9  -2.1   0.031536290517
-2.1  0.9  -1.5   0.031536290517
-2.1  0.9  -0.9   0.031536290517
-2.1  0.9  -0.3   0.031536290517
-2.1  0.9   0.3   0.031536290517
-2.1  0.9   0.9   0.031536290517
-2.1  0.9   1.5   0.031536290517
-2.1  0.9   2.1   0.031536290517
-2.1  1.5  -2.1   0.031536290517
-2.1  1.5  -1.5   0.031536290517
-2.1  1.5  -0.9   0.031536290517
-2.1  1.5  -0.3   0.031536290517
-2.1  1.5   0.3   0.031536290517
-2.1  1.5   0.9   0.031536290517
-2.1  1.5   1.5   0.031536290517
-2.1  1.5   2.1   0.031536290517
-2.1  2.1  -2.1   0.031536290517
-2.1  2.1  -1.5   0.031536290517
-2.1  2.1  -0.9   0.031536290517
-2.1  2.1  -0.3   0.031536290517
-2.1  2.1   0.3   0.031536290517
-2.1  2.1   0.9   0.031536290517
-2.1  2.1   1.5   0.031536290517
-2.1  2.1   2.1   0.031536290517
-1.5 -2.1  -2.1   0.031536290517
-1.5 -2.1  -1.5   0.031536290517
-1.5 -2.1  -0.9   0.031536290517
-1.5 -2.1  -0.3   0.031536290517
-1.5 -2.1   0.3   0.031536290517
-1.5 -2.1   0.9   0.031536290517
-1.5 -2.1   1.5   0.031536290517
-1.5 -2.1   2.1   0.031536290517
-1.5 -1.5  -2.1   0.031536290517
-1.5 -1.5  -1.5   0.031536290517
-1.5 -1.5  -0.9   0.031536290517
-1.5 -1.5  -0.3   0.031536290517
-1.5 -1.5   0.3   0.031536290517
-1.5 -1.5   0.9   0.031536290517
-1.5 -1.5   1.5   0.031536290517
-1.5 -1.5   2.1   0.031536290517
-1.5 -0.9  -2.1   0.031536290517
-1.5 -0.9  -1.5   0.031536290517
-1.5 -0.9  -0.9   0.031536290517
-1.5 -0.9  -0.3   0.031536290517
-1.5 -0.9   0.3   0.031536290517
-1.5 -0.9   0.9   0.031536290517
-1.5 -0.9   1.5   0.031536290517
-1.5 -0.9   2.1   0.031536290517
-1.5 -0.3  -2.1   0.031536290517
-1.5 -0.3  -1.5   0.031536290517
-1.5 -0.3  -0.9   0.031536290517
-1.5 -0.3  -0.3   0.031536290517
-1.5 -0.3   0.3   0.013387697749
-1.5 -0.3   0.9   0.031536290517
-1.5 -0.3   1.5   0.031536290517
-1.5 -0.3   2.1   0.031536290517
-1.5  0.3  -2.1   0.031536290517
-1.5  0.3  -1.5   0.031536290517
-1.5  0.3  -0.9   0.031536290517
-1.5  0.3  -0.3   0.025231870680
-1.5  0.3   0.3   0.031536290517
-1.5  0.3   0.9   0.031536290517
-1.5  0.3   1.5   0.031536290517
-1.5  0.3   2.1   0.031536290517
-1.5  0.9  -2.1   0.031536290517
-1.5  0.9  -1.5   0.031536290517
-1.5  0.9  -0.9   0.031536290517
-1.5  0.9  -0.3   0.013588460928
-1.5  0.9   0.3   0.031536290517
-1.5  0.9   0.9   0.031536290517
-1.5  0.9   1.5   0.031536290517
-1.5  0.9   2.1   0.031536290517
-1.5  1.5  -2.1   0.031536290517
-1.5  1.5  -1.5   0.031536290517
-1.5  1.5  -0.9   0.010771204258
-1.5  1.5  -0.3   0.031536290517
-1.5  1.5   0.3   0.031536290517
-1.5  1.5   0.9   0.031536290517
-1.5  1.5   1.5   0.031536290517
-1.5  1.5   2.1   0.031536290517
-1.5  2.1  -2.1   0.031536290517
-1.5  2.1  -1.5   0.031536290517
-1.5  2.1  -0.9   0.030002854159
-1.5  2.1  -0.3   0.031536290517
-1.5  2.1   0.3   0.031536290517
-1.5  2.1   0.9   0.031536290517
-1.5  2.1   1.5   0.031536290517
-1.5  2.1   2.1   0.031536290517
-0.9 -2.1  -2.1   0.031536290517
-0.9 -2.1  -1.5   0.031536290517
-0.9 -2.1  -0.9   0.031536290517
-0.9 -2.1  -0.3   0.031536290517
-0.9 -2.1   0.3   0.031536290517
-0.9 -2.1   0.9   0.031536290517
-0.9 -2.1   1.5   0.031536290517
-0.9 -2.1   2.1   0.031536290517
-0.9 -1.5  -2.1   0.031536290517
-0.9 -1.5  -1.5   0.031536290517
-0.9 -1.5  -0.9   0.031536290517
-0.9 -1.5  -0.3   0.031536290517
-0.9 -1.5   0.3   0.031536290517
-0.9 -1.5   0.9   0.031536290517
-0.9 -1.5   1.5   0.031536290517
-0.9 -1.5   2.1   0.031536290517
-0.9 -0.9  -2.1   0.031536290517
-0.9 -0.9  -1.5   0.031536290517
-0.9 -0.9  -0.9   0.015943367196
-0.9 -0.9  -0.3   0.007835021083
-0.9 -0.9   0.3   0.031536290517
-0.9 -0.9   0.9   0.031536290517
-0.9 -0.9   1.5   0.031536290517
-0.9 -0.9   2.1   0.031536290517
-0.9 -0.3  -2.1   0.031536290517
-0.9 -0.3  -1.5   0.031536290517
-0.9 -0.3  -0.9   0.006764821296
-0.9 -0.3  -0.3  -0.011458096202
-0.9 -0.3   0.3  -0.006752938422
-0.9 -0.3   0.9   0.031536290517
-0.9 -0.3   1.5   0.031536290517
-0.9 -0.3   2.1   0.031536290517
-0.9  0.3  -2.1   0.031536290517
-0.9  0.3  -1.5   0.031536290517
-0.9  0.3  -0.9   0.001614203952
-0.9  0.3  -0.3  -0.012291963027
-0.9  0.3   0.3   0.004610230392
-0.9  0.3   0.9   0.031536290517
-0.9  0.3   1.5   0.031536290517
-0.9  0.3   2.1   0.031536290517
-0.9  0.9  -2.1   0.031536290517
-0.9  0.9  -1.5   0.025713795657
-0.9  0.9  -0.9  -0.007106690453
-0.9  0.9  -0.3  -0.009876585922
-0.9  0.9   0.3   0.031536290517
-0.9  0.9   0.9   0.031536290517
-0.9  0.9   1.5   0.031536290517
-0.9  0.9   2.1   0.031536290517
-0.9  1.5  -2.1   0.020749974068
-0.9  1.5  -1.5  -0.002040659748
-0.9  1.5  -0.9  -0.010251243361
-0.9  1.5  -0.3   0.004672451493
-0.9  1.5   0.3   0.031536290517
-0.9  1.5   0.9   0.031536290517
-0.9  1.5   1.5   0.031536290517
-0.9  1.5   2.1   0.031536290517
-0.9  2.1  -2.1   0.028517482261
-0.9  2.1  -1.5   0.019946344238
-0.9  2.1  -0.9   0.015523745314
-0.9  2.1  -0.3   0.031536290517
-0.9  2.1   0.3   0.031536290517
-0.9  2.1   0.9   0.031536290517
-0.9  2.1   1.5   0.031536290517
-0.9  2.1   2.1   0.031536290517
-0.3 -2.1  -2.1   0.031536290517
-0.3 -2.1  -1.5   0.031536290517
-0.3 -2.1  -0.9   0.031536290517
-0.3 -2.1  -0.3   0.031536290517
-0.3 -2.1   0.3   0.031536290517
-0.3 -2.1   0.9   0.031536290517
-0.3 -2.1   1.5   0.031536290517
-0.3 -2.1   2.1   0.031536290517
-0.3 -1.5  -2.1   0.031536290517
-0.3 -1.5  -1.5   0.031536290517
-0.3 -1.5  -0.9   0.031536290517
-0.3 -1.5  -0.3   0.031536290517
-0.3 -1.5   0.3   0.031536290517
-0.3 -1.5   0.9   0.031536290517
-0.3 -1.5   1.5   0.031536290517
-0.3 -1.5   2.1   0.031536290517
-0.3 -0.9  -2.1   0.031536290517
-0.3 -0.9  -1.5   0.031536290517
-0.3 -0.9  -0.9   0.003088311087
-0.3 -0.9  -0.3   0.003670783219
-0.3 -0.9   0.3   0.031536290517
-0.3 -0.9   0.9   0.031536290517
-0.3 -0.9   1.5   0.031536290517
-0.3 -0.9   2.1   0.031536290517
-0.3 -0.3  -2.1   0.031536290517
-0.3 -0.3  -1.5   0.031536290517
-0.3 -0.3  -0.9  -0.011288402576
-0.3 -0.3  -0.3  -0.014336517507
-0.3 -0.3   0.3  -0.006195004677
-0.3 -0.3   0.9   0.026090733169
-0.3 -0.3   1.5   0.031536290517
-0.3 -0.3   2.1   0.031536290517
-0.3  0.3  -2.1   0.031536290517
-0.3  0.3  -1.5  -0.001657115382
-0.3  0.3  -0.9  -0.015048260048
-0.3  0.3  -0.3  -0.016810009688
-0.3  0.3   0.3  -0.008741049249
-0.3  0.3   0.9   0.031536290517
-0.3  0.3   1.5   0.031536290517
-0.3  0.3   2.1   0.031536290517
-0.3  0.9  -2.1   0.000498175628
-0.3  0.9  -1.5  -0.011709998629
-0.3  0.9  -0.9  -0.016232258539
-0.3  0.9  -0.3  -0.015613825574
-0.3  0.9   0.3   0.001264220507
-0.3  0.9   0.9   0.031536290517
-0.3  0.9   1.5   0.031536290517
-0.3  0.9   2.1   0.031536290517
-0.3  1.5  -2.1  -0.010679241281
-0.3  1.5  -1.5  -0.013816089873
-0.3  1.5  -0.9  -0.015174017313
-0.3  1.5  -0.3  -0.010331181550
-0.3  1.5   0.3   0.026178763570
-0.3  1.5   0.9   0.031536290517
-0.3  1.5   1.5   0.031536290517
-0.3  1.5   2.1   0.031536290517
-0.3  2.1  -2.1   0.009863167230
-0.3  2.1  -1.5   0.006388949710
-0.3  2.1  -0.9   0.001990804026
-0.3  2.1  -0.3   0.013235689675
-0.3  2.1   0.3   0.031536290517
-0.3  2.1   0.9   0.031536290517
-0.3  2.1   1.5   0.031536290517
-0.3  2.1   2.1   0.031536290517
 0.3 -2.1  -2.1   0.031536290517
 0.3 -2.1  -1.5   0.031536290517
 0.3 -2.1  -0.9   0.031536290517
 0.3 -2.1  -0.3   0.031536290517
 0.3 -2.1   0.3   0.031536290517
 0.3 -2.1   0.9   0.031536290517
 0.3 -2.1   1.5   0.031536290517
 0.3 -2.1   2.1   0.031536290517
 0.3 -1.5  -2.1   0.031536290517
 0.3 -1.5  -1.5   0.031536290517
 0.3 -1.5  -0.9   0.031536290517
 0.3 -1.5  -0.3   0.031536290517
 0.3 -1.5   0.3   0.031536290517
 0.3 -1.5   0.9   0.031536290517
 0.3 -1.5   1.5   0.031536290517
 0.3 -1.5   2.1   0.031536290517
 0.3 -0.9  -2.1   0.031536290517
 0.3 -0.9  -1.5   0.031536290517
 0.3 -0.9  -0.9   0.027115340941
 0.3 -0.9  -0.3   0.031536290517
 0.3 -0.9   0.3   0.031536290517
 0.3 -0.9   0.9   0.031536290517
 0.3 -0.9   1.5   0.031536290517
 0.3 -0.9   2.1   0.031536290517
 0.3 -0.3  -2.1   0.031536290517
 0.3 -0.3  -1.5   0.020320948065
 0.3 -0.3  -0.9  -0.006420678372
 0.3 -0.3  -0.3   0.002733571969
 0.3 -0.3   0.3   0.031536290517
 0.3 -0.3   0.9   0.031536290517
 0.3 -0.3   1.5   0.031536290517
 0.3 -0.3   2.1   0.031536290517
 0.3  0.3  -2.1   0.030490824643
 0.3  0.3  -1.5  -0.009105482622
 0.3  0.3  -0.9  -0.015395998109
 0.3  0.3  -0.3  -0.014078768251
 0.3  0.3   0.3  -0.006534603222
 0.3  0.3   0.9   0.020199646877
 0.3  0.3   1.5   0.031536290517
 0.3  0.3   2.1   0.031536290517
 0.3  0.9  -2.1  -0.009548551735
 0.3  0.9  -1.5  -0.015398120501
 0.3  0.9  -0.9  -0.016965751659
 0.3  0.9  -0.3  -0.016719528917
 0.3  0.9   0.3  -0.012014301757
 0.3  0.9   0.9   0.016964755112
 0.3  0.9   1.5   0.031536290517
 0.3  0.9   2.1   0.031536290517
 0.3  1.5  -2.1  -0.014562273196
 0.3  1.5  -1.5  -0.015767404156
 0.3  1.5  -0.9  -0.016429707254
 0.3  1.5  -0.3  -0.015724249896
 0.3  1.5   0.3  -0.007989214622
 0.3  1.5   0.9   0.031536290517
 0.3  1.5   1.5   0.031536290517
 0.3  1.5   2.1   0.031536290517
 0.3  2.1  -2.1  -0.003110408566
 0.3  2.1  -1.5  -0.004406048679
 0.3  2.1  -0.9  -0.007099560098
 0.3  2.1  -0.3  -0.007279096200
 0.3  2.1   0.3   0.006717775458
 0.3  2.1   0.9   0.031536290517
 0.3  2.1   1.5   0.031536290517
 0.3  2.1   2.1   0.031536290517
 0.9 -2.1  -2.1   0.031536290517
 0.9 -2.1  -1.5   0.031536290517
 0.9 -2.1  -0.9   0.031536290517
 0.9 -2.1  -0.3   0.031536290517
 0.9 -2.1   0.3   0.031536290517
 0.9 -2.1   0.9   0.031536290517
 0.9 -2.1   1.5   0.031536290517
 0.9 -2.1   2.1   0.031536290517
 0.9 -1.5  -2.1   0.031536290517
 0.9 -1.5  -1.5   0.031536290517
 0.9 -1.5  -0.9   0.031536290517
 0.9 -1.5  -0.3   0.031536290517
 0.9 -1.5   0.3   0.031536290517
 0.9 -1.5   0.9   0.031536290517
 0.9 -1.5   1.5   0.031536290517
 0.9 -1.5   2.1   0.031536290517
 0.9 -0.9  -2.1   0.031536290517
 0.9 -0.9  -1.5   0.031536290517
 0.9 -0.9  -0.9   0.031536290517
 0.9 -0.9  -0.3   0.031536290517
 0.9 -0.9   0.3   0.031536290517
 0.9 -0.9   0.9   0.031536290517
 0.9 -0.9   1.5   0.031536290517
 0.9 -0.9   2.1   0.031536290517
 0.9 -0.3  -2.1   0.031536290517
 0.9 -0.3  -1.5   0.031536290517
 0.9 -0.3  -0.9   0.031536290517
 0.9 -0.3  -0.3   0.031536290517
 0.9 -0.3   0.3   0.031536290517
 0.9 -0.3   0.9   0.031536290517
 0.9 -0.3   1.5   0.031536290517
 0.9 -0.3   2.1   0.031536290517
 0.9  0.3  -2.1   0.031536290517
 0.9  0.3  -1.5  -0.003501521641
 0.9  0.3  -0.9  -0.008309686406
 0.9  0.3  -0.3  -0.000556256014
 0.9  0.3   0.3   0.022078304700
 0.9  0.3   0.9   0.031536290517
 0.9  0.3   1.5   0.031536290517
 0.9  0.3   2.1   0.031536290517
 0.9  0.9  -2.1  -0.001752209913
 0.9  0.9  -1.5  -0.013431949471
 0.9  0.9  -0.9  -0.015918898188
 0.9  0.9  -0.3  -0.015364518583
 0.9  0.9   0.3  -0.012032649571
 0.9  0.9   0.9  -0.001354054784
 0.9  0.9   1.5   0.029004736871
 0.9  0.9   2.1   0.031536290517
 0.9  1.5  -2.1  -0.012163976146
 0.9  1.5  -1.5  -0.015596575223
 0.9  1.5  -0.9  -0.016695980769
 0.9  1.5  -0.3  -0.017024831746
 0.9  1.5   0.3  -0.015888273296
 0.9  1.5   0.9  -0.008683473443
 0.9  1.5   1.5   0.021285608502
 0.9  1.5   2.1   0.031536290517
 0.9  2.1  -2.1  -0.009068001741
 0.9  2.1  -1.5  -0.010081032540
 0.9  2.1  -0.9  -0.011866330329
 0.9  2.1  -0.3  -0.013663697056
 0.9  2.1   0.3  -0.013025755742
 0.9  2.1   0.9  -0.003368870542
 0.9  2.1   1.5   0.031536290517
 0.9  2.1   2.1   0.031536290517
 1.5 -2.1  -2.1   0.031536290517
 1.5 -2.1  -1.5   0.031536290517
 1.5 -2.1  -0.9   0.031536290517
 1.5 -2.1  -0.3   0.031536290517
 1.5 -2.1   0.3   0.031536290517
 1.5 -2.1   0.9   0.031536290517
 1.5 -2.1   1.5   0.031536290517
 1.5 -2.1   2.1   0.031536290517
 1.5 -1.5  -2.1   0.031536290517
 1.5 -1.5  -1.5   0.031536290517
 1.5 -1.5  -0.9   0.031536290517
 1.5 -1.5  -0.3   0.031536290517
 1.5 -1.5   0.3   0.031536290517
 1.5 -1.5   0.9   0.031536290517
 1.5 -1.5   1.5   0.031536290517
 1.5 -1.5   2.1   0.031536290517
 1.5 -0.9  -2.1   0.031536290517
 1.5 -0.9  -1.5   0.031536290517
 1.5 -0.9  -0.9   0.031536290517
 1.5 -0.9  -0.3   0.031536290517
 1.5 -0.9   0.3   0.031536290517
 1.5 -0.9   0.9   0.031536290517
 1.5 -0.9   1.5   0.031536290517
 1.5 -0.9   2.1   0.031536290517
 1.5 -0.3  -2.1   0.031536290517
 1.5 -0.3  -1.5   0.031536290517
 1.5 -0.3  -0.9   0.031536290517
 1.5 -0.3  -0.3   0.031536290517
 1.5 -0.3   0.3   0.031536290517
 1.5 -0.3   0.9   0.031536290517
 1.5 -0.3   1.5   0.031536290517
 1.5 -0.3   2.1   0.031536290517
 1.5  0.3  -2.1   0.031536290517
 1.5  0.3  -1.5   0.031536290517
 1.5  0.3  -0.9   0.018468358140
 1.5  0.3  -0.3   0.031536290517
 1.5  0.3   0.3   0.031536290517
 1.5  0.3   0.9   0.031536290517
 1.5  0.3   1.5   0.031536290517
 1.5  0.3   2.1   0.031536290517
 1.5  0.9  -2.1   0.031536290517
 1.5  0.9  -1.5  -0.003079165563
 1.5  0.9  -0.9  -0.012424557361
 1.5  0.9  -0.3  -0.011363739620
 1.5  0.9   0.3  -0.005041391402
 1.5  0.9   0.9   0.011299623188
 1.5  0.9   1.5   0.031536290517
 1.5  0.9   2.1   0.031536290517
 1.5  1.5  -2.1   0.004216010992
 1.5  1.5  -1.5  -0.011909651731
 1.5  1.5  -0.9  -0.015708273611
 1.5  1.5  -0.3  -0.016726400675
 1.5  1.5   0.3  -0.016426313949
 1.5  1.5   0.9  -0.013460423588
 1.5  1.5   1.5  -0.002477598206
 1.5  1.5   2.1   0.031536290517
 1.5  2.1  -2.1  -0.006130998622
 1.5  2.1  -1.5  -0.009808618909
 1.5  2.1  -0.9  -0.012474479309
 1.5  2.1  -0.3  -0.014845957897
 1.5  2.1   0.3  -0.015097172834
 1.5  2.1   0.9  -0.008972635998
 1.5  2.1   1.5   0.016015068106
 1.5  2.1   2.1   0.031536290517
 2.1 -2.1  -2.1   0.031536290517
 2.1 -2.1  -1.5   0.031536290517
 2.1 -2.1  -0.9   0.031536290517
 2.1 -2.1  -0.3   0.031536290517
 2.1 -2.1   0.3   0.031536290517
 2.1 -2.1   0.9   0.031536290517
 2.1 -2.1   1.5   0.031536290517
 2.1 -2.1   2.1   0.031536290517
 2.1 -1.5  -2.1   0.031536290517
 2.1 -1.5  -1.5   0.031536290517
 2.1 -1.5  -0.9   0.031536290517
 2.1 -1.5  -0.3   0.031536290517
 2.1 -1.5   0.3   0.031536290517
 2.1 -1.5   0.9   0.031536290517
 2.1 -1.5   1.5   0.031536290517
 2.1 -1.5   2.1   0.031536290517
 2.1 -0.9  -2.1   0.031536290517
 2.1 -0.9  -1.5   0.031536290517
 2.1 -0.9  -0.9   0.031536290517
 2.1 -0.9  -0.3   0.031536290517
 2.1 -0.9   0.3   0.031536290517
 2.1 -0.9   0.9   0.031536290517
 2.1 -0.9   1.5   0.031536290517
 2.1 -0.9   2.1   0.031536290517
 2.1 -0.3  -2.1   0.031536290517
 2.1 -0.3  -1.5   0.031536290517
 2.1 -0.3  -0.9   0.031536290517
 2.1 -0.3  -0.3   0.031536290517
 2.1 -0.3   0.3   0.031536290517
 2.1 -0.3   0.9   0.031536290517
 2.1 -0.3   1.5   0.031536290517
 2.1 -0.3   2.1   0.031536290517
 2.1  0.3  -2.1   0.031536290517
 2.1  0.3  -1.5   0.031536290517
 2.1  0.3  -0.9   0.031536290517
 2.1  0.3  -0.3   0.031536290517
 2.1  0.3   0.3   0.031536290517
 2.1  0.3   0.9   0.031536290517
 2.1  0.3   1.5   0.031536290517
 2.1  0.3   2.1   0.031536290517
 2.1  0.9  -2.1   0.031536290517
 2.1  0.9  -1.5   0.028100928860
 2.1  0.9  -0.9  -0.003567173890
 2.1  0.9  -0.3  -0.004132376750
 2.1  0.9   0.3   0.004083848706
 2.1  0.9   0.9   0.028080304126
 2.1  0.9   1.5   0.031536290517
 2.1  0.9   2.1   0.031536290517
 2.1  1.5  -2.1   0.031536290517
 2.1  1.5  -1.5   0.007658818367
 2.1  1.5  -0.9  -0.006804944919
 2.1  1.5  -0.3  -0.012797764130
 2.1  1.5   0.3  -0.014324603096
 2.1  1.5   0.9  -0.009988646977
 2.1  1.5   1.5   0.011388612293
 2.1  1.5   2.1   0.031536290517
 2.1  2.1  -2.1   0.031536290517
 2.1  2.1  -1.5   0.023362525523
 2.1  2.1  -0.9   0.008556464187
 2.1  2.1  -0.3  -0.005097374625
 2.1  2.1   0.3  -0.008791655534
 2.1  2.1   0.9   0.007556372727
 2.1  2.1   1.5   0.031536290517
 2.1  2.1   2.1   0.031536290517
-2.1 -2.1  -2.1   0.031536290517
-2.1 -2.1  -1.5   0.031536290517
-2.1 -2.1  -0.9   0.031536290517
-2.1 -2.1  -0.3   0.031536290517
-2.1 -2.1   0.3   0.031536290517
-2.1 -2.1   0.9   0.031536290517
-2.1 -2.1   1.5   0.031536290517
-2.1 -2.1   2.1   0.031536290517
-2.1 -1.5  -2.1   0.031536290517
-2.1 -1.5  -1.5   0.031536290517
-2.1 -1.5  -0.9   0.031536290517
-2.1 -1.5  -0.3   0.031536290517
-2.1 -1.5   0.3   0.031536290517
-2.1 -1.5   0.9   0.031536290517
-2.1 -1.5   1.5   0.031536290517
-2.1 -1.5   2.1   0.031536290517
-2.1 -0.9  -2.1   0.031536290517
-2.1 -0.9  -1.5   0.031536290517
-2.1 -0.9  -0.9   0.031536290517
-2.1 -0.9  -0.3   0.031536290517
-2.1 -0.9   0.3   0.031536290517
-2.1 -0.9   0.9   0.031536290517
-2.1 -0.9   1.5   0.031536290517
-2.1 -0.9   2.1   0.031536290517
-2.1 -0.3  -2.1   0.031536290517
-2.1 -0.3  -1.5   0.031536290517
-2.1 -0.3  -0.9   0.031536290517
-2.1 -0.3  -0.3   0.031536290517
-2.1 -0.3   0.3   0.031536290517
-2.1 -0.3   0.9   0.028023724867
-2.1 -0.3   1.5   0.031536290517
-2.1 -0.3   2.1   0.031536290517
-2.1  0.3  -2.1   0.031536290517
-2.1  0.3  -1.5   0.031536290517
-2.1  0.3  -0.9   0.031536290517
-2.1  0.3  -0.3   0.031536290517
-2.1  0.3   0.3   0.031536290517
-2.1  0.3   0.9   0.031536290517
-2.1  0.3   1.5   0.031536290517
-2.1  0.3   2.1   0.031536290517
-2.1  0.9  -2.1   0.031536290517
-2.1  0.9  -1.5   0.031536290517
-2.1  0.9  -0.9   0.031536290517
-2.1  0.9  -0.3   0.031536290517
-2.1  0.9   0.3   0.031445787670
-2.1  0.9   0.9   0.031536290517
-2.1  0.9   1.5   0.031536290517
-2.1  0.9   2.1   0.031536290517
-2.1  1.5  -2.1   0.031536290517
-2.1  1.5  -1.5   0.031536290517
-2.1  1.5  -0.9   0.016017941062
-2.1  1.5  -0.3   0.013198054266
-2.1  1.5   0.3   0.031536290517
-2.1  1.5   0.9   0.031536290517
-2.1  1.5   1.5   0.031536290517
-2.1  1.5   2.1   0.031536290517
-2.1  2.1  -2.1   0.031536290517
-2.1  2.1  -1.5   0.003762973257
-2.1  2.1  -0.9  -0.001114508275
-2.1  2.1  -0.3   0.031536290517
-2.1  2.1   0.3   0.031536290517
-2.1  2.1   0.9   0.031536290517
-2.1  2.1   1.5   0.031536290517
-2.1  2.1   2.1   0.031536290517
-1.5 -2.1  -2.1   0.031536290517
-1.5 -2.1  -1.5   0.031536290517
-1.5 -2.1  -0.9   0.031536290517
-1.5 -2.1  -0.3   0.031536290517
-1.5 -2.1   0.3   0.031536290517
-1.5 -2.1   0.9   0.031536290517
-1.5 -2.1   1.5   0.031536290517
-1.5 -2.1   2.1   0.031536290517
-1.5 -1.5  -2.1   0.031536290517
-1.5 -1.5  -1.5   0.031536290517
-1.5 -1.5  -0.9   0.031536290517
-1.5 -1.5  -0.3   0.031536290517
-1.5 -1.5   0.3   0.031536290517
-1.5 -1.5   0.9   0.031536290517
-1.5 -1.5   1.5   0.031536290517
-1.5 -1.5   2.1   0.031536290517
-1.5 -0.9  -2.1   0.031536290517
-1.5 -0.9  -1.5   0.031536290517
-1.5 -0.9  -0.9   0.018432933424
-1.5 -0.9  -0.3  -0.000264163738
-1.5 -0.9   0.3  -0.001275860552
-1.5 -0.9   0.9   0.014559472774
-1.5 -0.9   1.5   0.031536290517
-1.5 -0.9   2.1   0.031536290517
-1.5 -0.3  -2.1   0.031536290517
-1.5 -0.3  -1.5   0.031536290517
-1.5 -0.3  -0.9   0.031536290517
-1.5 -0.3  -0.3  -0.002603579380
-1.5 -0.3   0.3  -0.009407836807
-1.5 -0.3   0.9   0.013531323476
-1.5 -0.3   1.5   0.031536290517
-1.5 -0.3   2.1   0.031536290517
-1.5  0.3  -2.1   0.031536290517
-1.5  0.3  -1.5   0.031536290517
-1.5  0.3  -0.9   0.024773995278
-1.5  0.3  -0.3  -0.004730522418
-1.5  0.3   0.3  -0.004040543072
-1.5  0.3   0.9   0.031536290517
-1.5  0.3   1.5   0.031536290517
-1.5  0.3   2.1   0.031536290517
-1.5  0.9  -2.1   0.031536290517
-1.5  0.9  -1.5   0.031536290517
-1.5  0.9  -0.9   0.003420362997
-1.5  0.9  -0.3  -0.008489178357
-1.5  0.9   0.3   0.011634494443
-1.5  0.9   0.9   0.031536290517
-1.5  0.9   1.5   0.031536290517
-1.5  0.9   2.1   0.031536290517
-1.5  1.5  -2.1   0.031536290517
-1.5  1.5  -1.5   0.007337334268
-1.5  1.5  -0.9  -0.009022939535
-1.5  1.5  -0.3  -0.003103826942
-1.5  1.5   0.3   0.031536290517
-1.5  1.5   0.9   0.031536290517
-1.5  1.5   1.5   0.031536290517
-1.5  1.5   2.1   0.031536290517
-1.5  2.1  -2.1   0.004855699416
-1.5  2.1  -1.5  -0.003260584381
-1.5  2.1  -0.9  -0.004888680069
-1.5  2.1  -0.3   0.031536290517
-1.5  2.1   0.3   0.031536290517
-1.5  2.1   0.9   0.031536290517
-1.5  2.1   1.5   0.031536290517
-1.5  2.1   2.1   0.031536290517
-0.9 -2.1  -2.1   0.031536290517
-0.9 -2.1  -1.5   0.031536290517
-0.9 -2.1  -0.9   0.031536290517
-0.9 -2.1  -0.3   0.031536290517
-0.9 -2.1   0.3   0.031536290517
-0.9 -2.1   0.9   0.031536290517
-0.9 -2.1   1.5   0.031536290517
-0.9 -2.1   2.1   0.031536290517
-0.9 -1.5  -2.1   0.031536290517
-0.9 -1.5  -1.5   0.031536290517
-0.9 -1.5  -0.9   0.021681584473
-0.9 -1.5  -0.3   0.031536290517
-0.9 -1.5   0.3   0.031536290517
-0.9 -1.5   0.9   0.031536290517
-0.9 -1.5   1.5   0.031536290517
-0.9 -1.5   2.1   0.031536290517
-0.9 -0.9  -2.1   0.031536290517
-0.9 -0.9  -1.5   0.029130137777
-0.9 -0.9  -0.9  -0.008983635856
-0.9 -0.9  -0.3  -0.010672353755
-0.9 -0.9   0.3  -0.004680269339
-0.9 -0.9   0.9   0.016598625086
-0.9 -0.9   1.5   0.031536290517
-0.9 -0.9   2.1   0.031536290517
-0.9 -0.3  -2.1   0.031536290517
-0.9 -0.3  -1.5   0.018664387721
-0.9 -0.3  -0.9  -0.009277689690
-0.9 -0.3  -0.3  -0.013832971249
-0.9 -0.3   0.3  -0.013532190724
-0.9 -0.3   0.9   0.000517302388
-0.9 -0.3   1.5   0.031536290517
-0.9 -0.3   2.1   0.031536290517
-0.9  0.3  -2.1   0.031536290517
-0.9  0.3  -1.5   0.010169485528
-0.9  0.3  -0.9  -0.009423992849
-0.9  0.3  -0.3  -0.013239382574
-0.9  0.3   0.3  -0.010027982192
-0.9  0.3   0.9   0.031536290517
-0.9  0.3   1.5   0.031536290517
-0.9  0.3   2.1   0.031536290517
-0.9  0.9  -2.1   0.023659042341
-0.9  0.9  -1.5  -0.002616572331
-0.9  0.9  -0.9  -0.011310304530
-0.9  0.9  -0.3  -0.012665119338
-0.9  0.9   0.3  -0.001416386262
-0.9  0.9   0.9   0.031536290517
-0.9  0.9   1.5   0.031536290517
-0.9  0.9   2.1   0.031536290517
-0.9  1.5  -2.1  -0.003991901497
-0.9  1.5  -1.5  -0.010114464161
-0.9  1.5  -0.9  -0.012585770878
-0.9  1.5  -0.3  -0.009415774491
-0.9  1.5   0.3   0.024359047074
-0.9  1.5   0.9   0.031536290517
-0.9  1.5   1.5   0.031536290517
-0.9  1.5   2.1   0.031536290517
-0.9  2.1  -2.1  -0.002159557870
-0.9  2.1  -1.5  -0.005133616130
-0.9  2.1  -0.9  -0.007226310757
-0.9  2.1  -0.3   0.008749595583
-0.9  2.1   0.3   0.031536290517
-0.9  2.1   0.9   0.031536290517
-0.9  2.1   1.5   0.031536290517
-0.9  2.1   2.1   0.031536290517
-0.3 -2.1  -2.1   0.031536290517
-0.3 -2.1  -1.5   0.031536290517
-0.3 -2.1  -0.9   0.031536290517
-0.3 -2.1  -0.3   0.031536290517
-0.3 -2.1   0.3   0.031536290517
-0.3 -2.1   0.9   0.031536290517
-0.3 -2.1   1.5   0.031536290517
-0.3 -2.1   2.1   0.031536290517
-0.3 -1.5  -2.1   0.031536290517
-0.3 -1.5  -1.5   0.031536290517
-0.3 -1.5  -0.9   0.001219883636
-0.3 -1.5  -0.3   0.014731228873
-0.3 -1.5   0.3   0.031536290517
-0.3 -1.5   0.9   0.031536290517
-0.3 -1.5   1.5   0.031536290517
-0.3 -1.5   2.1   0.031536290517
-0.3 -0.9  -2.1   0.031536290517
-0.3 -0.9  -1.5   0.027588706969
-0.3 -0.9  -0.9  -0.011791731233
-0.3 -0.9  -0.3  -0.011413302055
-0.3 -0.9   0.3  -0.003099175339
-0.3 -0.9   0.9   0.019312244045
-0.3 -0.9   1.5   0.031536290517
-0.3 -0.9   2.1   0.031536290517
-0.3 -0.3  -2.1   0.031536290517
-0.3 -0.3  -1.5  -0.002580513737
-0.3 -0.3  -0.9  -0.013133042203
-0.3 -0.3  -0.3  -0.013854302396
-0.3 -0.3   0.3  -0.012651852021
-0.3 -0.3   0.9  -0.005616439891
-0.3 -0.3   1.5   0.031536290517
-0.3 -0.3   2.1   0.031536290517
-0.3  0.3  -2.1   0.004935252863
-0.3  0.3  -1.5  -0.009837307472
-0.3  0.3  -0.9  -0.012590933369
-0.3  0.3  -0.3  -0.013272479911
-0.3  0.3   0.3  -0.012382428030
-0.3  0.3   0.9   0.003499862832
-0.3  0.3   1.5   0.031536290517
-0.3  0.3   2.1   0.031536290517
-0.3  0.9  -2.1  -0.008827934883
-0.3  0.9  -1.5  -0.011320736735
-0.3  0.9  -0.9  -0.012303729217
-0.3  0.9  -0.3  -0.012709910332
-0.3  0.9   0.3  -0.009753443015
-0.3  0.9   0.9   0.028091805411
-0.3  0.9   1.5   0.031536290517
-0.3  0.9   2.1   0.031536290517
-0.3  1.5  -2.1  -0.011262618505
-0.3  1.5  -1.5  -0.011932332631
-0.3  1.5  -0.9  -0.012477084206
-0.3  1.5  -0.3  -0.011975420665
-0.3  1.5   0.3  -0.003503439047
-0.3  1.5   0.9   0.031536290517
-0.3  1.5   1.5   0.031536290517
-0.3  1.5   2.1   0.031536290517
-0.3  2.1  -2.1  -0.006676324158
-0.3  2.1  -1.5  -0.007963827908
-0.3  2.1  -0.9  -0.009673006552
-0.3  2.1  -0.3  -0.007223254890
-0.3  2.1   0.3   0.019852735067
-0.3  2.1   0.9   0.031536290517
-0.3  2.1   1.5   0.031536290517
-0.3  2.1   2.1   0.031536290517
 0.3 -2.1  -2.1   0.031536290517
 0.3 -2.1  -1.5   0.031536290517
 0.3 -2.1  -0.9   0.031536290517
 0.3 -2.1  -0.3   0.031536290517
 0.3 -2.1   0.3   0.031536290517
 0.3 -2.1   0.9   0.031536290517
 0.3 -2.1   1.5   0.031536290517
 0.3 -2.1   2.1   0.031536290517
 0.3 -1.5  -2.1   0.031536290517
 0.3 -1.5  -1.5   0.031536290517
 0.3 -1.5  -0.9   0.015425345780
 0.3 -1.5  -0.3   0.031536290517
 0.3 -1.5   0.3   0.031536290517
 0.3 -1.5   0.9   0.031536290517
 0.3 -1.5   1.5   0.031536290517
 0.3 -1.5   2.1   0.031536290517
 0.3 -0.9  -2.1   0.031536290517
 0.3 -0.9  -1.5   0.017328056333
 0.3 -0.9  -0.9  -0.005828650744
 0.3 -0.9  -0.3   0.007730386825
 0.3 -0.9   0.3   0.031536290517
 0.3 -0.9   0.9   0.031536290517
 0.3 -0.9   1.5   0.031536290517
 0.3 -0.9   2.1   0.031536290517
 0.3 -0.3  -2.1   0.031536290517
 0.3 -0.3  -1.5  -0.005970844724
 0.3 -0.3  -0.9  -0.012017575224
 0.3 -0.3  -0.3  -0.009586313290
 0.3 -0.3   0.3  -0.001259496371
 0.3 -0.3   0.9   0.022912032766
 0.3 -0.3   1.5   0.031536290517
 0.3 -0.3   2.1   0.031536290517
 0.3  0.3  -2.1  -0.002320739851
 0.3  0.3  -1.5  -0.011345038600
 0.3  0.3  -0.9  -0.012423737417
 0.3  0.3  -0.3  -0.012343953756
 0.3  0.3   0.3  -0.011288594947
 0.3  0.3   0.9  -0.005535303323
 0.3  0.3   1.5   0.020614591927
 0.3  0.3   2.1   0.031536290517
 0.3  0.9  -2.1  -0.010900767954
 0.3  0.9  -1.5  -0.011722029724
 0.3  0.9  -0.9  -0.011932045651
 0.3  0.9  -0.3  -0.012294454394
 0.3  0.9   0.3  -0.012227424009
 0.3  0.9   0.9  -0.006365467788
 0.3  0.9   1.5   0.031536290517
 0.3  0.9   2.1   0.031536290517
 0.3  1.5  -2.1  -0.011748170155
 0.3  1.5  -1.5  -0.011816840428
 0.3  1.5  -0.9  -0.012031520572
 0.3  1.5  -0.3  -0.012363165664
 0.3  1.5   0.3  -0.011513237406
 0.3  1.5   0.9  -0.001613598455
 0.3  1.5   1.5   0.031536290517
 0.3  1.5   2.1   0.031536290517
 0.3  2.1  -2.1  -0.009883681587
 0.3  2.1  -1.5  -0.010293703822
 0.3  2.1  -0.9  -0.011162443478
 0.3  2.1  -0.3  -0.011624525821
 0.3  2.1   0.3  -0.008677304945
 0.3  2.1   0.9   0.009544045199
 0.3  2.1   1.5   0.031536290517
 0.3  2.1   2.1   0.031536290517
 0.9 -2.1  -2.1   0.031536290517
 0.9 -2.1  -1.5   0.031536290517
 0.9 -2.1  -0.9   0.031536290517
 0.9 -2.1  -0.3   0.031536290517
 0.9 -2.1   0.3   0.031536290517
 0.9 -2.1   0.9   0.031536290517
 0.9 -2.1   1.5   0.031536290517
 0.9 -2.1   2.1   0.031536290517
 0.9 -1.5  -2.1   0.031536290517
 0.9 -1.5  -1.5   0.031536290517
 0.9 -1.5  -0.9   0.031536290517
 0.9 -1.5  -0.3   0.031536290517
 0.9 -1.5   0.3   0.031536290517
 0.9 -1.5   0.9   0.031536290517
 0.9 -1.5   1.5   0.031536290517
 0.9 -1.5   2.1   0.031536290517
 0.9 -0.9  -2.1   0.031536290517
 0.9 -0.9  -1.5   0.023425888238
 0.9 -0.9  -0.9   0.031536290517
 0.9 -0.9  -0.3   0.031536290517
 0.9 -0.9   0.3   0.031536290517
 0.9 -0.9   0.9   0.031536290517
 0.9 -0.9   1.5   0.031536290517
 0.9 -0.9   2.1   0.031536290517
 0.9 -0.3  -2.1   0.031536290517
 0.9 -0.3  -1.5  -0.003103331822
 0.9 -0.3  -0.9  -0.001423639609
 0.9 -0.3  -0.3   0.015110222551
 0.9 -0.3   0.3   0.031536290517
 0.9 -0.3   0.9   0.031536290517
 0.9 -0.3   1.5   0.031536290517
 0.9 -0.3   2.1   0.031536290517
 0.9  0.3  -2.1   0.000267648498
 0.9  0.3  -1.5  -0.010284189323
 0.9  0.3  -0.9  -0.011266670918
 0.9  0.3  -0.3  -0.009415153227
 0.9  0.3   0.3  -0.003532688956
 0.9  0.3   0.9   0.014469010924
 0.9  0.3   1.5   0.031536290517
 0.9  0.3   2.1   0.031536290517
 0.9  0.9  -2.1  -0.008938419123
 0.9  0.9  -1.5  -0.011445210473
 0.9  0.9  -0.9  -0.011851464121
 0.9  0.9  -0.3  -0.011962752537
 0.9  0.9   0.3  -0.011846941817
 0.9  0.9   0.9  -0.010254687124
 0.9  0.9   1.5  -0.003707330626
 0.9  0.9   2.1   0.022234522869
 0.9  1.5  -2.1  -0.011241205364
 0.9  1.5  -1.5  -0.011779842052
 0.9  1.5  -0.9  -0.011930144013
 0.9  1.5  -0.3  -0.012258219196
 0.9  1.5   0.3  -0.012732663766
 0.9  1.5   0.9  -0.012265598688
 0.9  1.5   1.5  -0.006187461197
 0.9  1.5   2.1   0.022329630014
 0.9  2.1  -2.1  -0.011407139863
 0.9  2.1  -1.5  -0.011529324067
 0.9  2.1  -0.9  -0.011902445689
 0.9  2.1  -0.3  -0.012503167872
 0.9  2.1   0.3  -0.012931525306
 0.9  2.1   0.9  -0.011615925875
 0.9  2.1   1.5  -0.003210072704
 0.9  2.1   2.1   0.029519204146
 1.5 -2.1  -2.1   0.031536290517
 1.5 -2.1  -1.5   0.031536290517
 1.5 -2.1  -0.9   0.031536290517
 1.5 -2.1  -0.3   0.031536290517
 1.5 -2.1   0.3   0.031536290517
 1.5 -2.1   0.9   0.031536290517
 1.5 -2.1   1.5   0.031536290517
 1.5 -2.1   2.1   0.031536290517
 1.5 -1.5  -2.1   0.031536290517
 1.5 -1.5  -1.5   0.031536290517
 1.5 -1.5  -0.9   0.031536290517
 1.5 -1.5  -0.3   0.031536290517
 1.5 -1.5   0.3   0.031536290517
 1.5 -1.5   0.9   0.031536290517
 1.5 -1.5   1.5   0.031536290517
 1.5 -1.5   2.1   0.031536290517
 1.5 -0.9  -2.1   0.031536290517
 1.5 -0.9  -1.5   0.031536290517
 1.5 -0.9  -0.9   0.031536290517
 1.5 -0.9  -0.3   0.031536290517
 1.5 -0.9   0.3   0.031536290517
 1.5 -0.9   0.9   0.031536290517
 1.5 -0.9   1.5   0.031536290517
 1.5 -0.9   2.1   0.031536290517
 1.5 -0.3  -2.1   0.031536290517
 1.5 -0.3  -1.5   0.031536290517
 1.5 -0.3  -0.9   0.031536290517
 1.5 -0.3  -0.3   0.031536290517
 1.5 -0.3   0.3   0.031536290517
 1.5 -0.3   0.9   0.031536290517
 1.5 -0.3   1.5   0.031536290517
 1.5 -0.3   2.1   0.031536290517
 1.5  0.3  -2.1   0.031536290517
 1.5  0.3  -1.5  -0.001281615925
 1.5  0.3  -0.9  -0.005689168885
 1.5  0.3  -0.3   0.000610189378
 1.5  0.3   0.3   0.017595515612
 1.5  0.3   0.9   0.031536290517
 1.5  0.3   1.5   0.031536290517
 1.5  0.3   2.1   0.031536290517
 1.5  0.9  -2.1   0.005752291924
 1.5  0.9  -1.5  -0.009541560140
 1.5  0.9  -0.9  -0.011807931426
 1.5  0.9  -0.3  -0.011603752867
 1.5  0.9   0.3  -0.010288894538
 1.5  0.9   0.9  -0.006337305881
 1.5  0.9   1.5   0.000472918213
 1.5  0.9   2.1   0.006595455648
 1.5  1.5  -2.1  -0.007403289266
 1.5  1.5  -1.5  -0.011453349990
 1.5  1.5  -0.9  -0.012143297800
 1.5  1.5  -0.3  -0.012411674786
 1.5  1.5   0.3  -0.012763477875
 1.5  1.5   0.9  -0.012936148526
 1.5  1.5   1.5  -0.011486936139
 1.5  1.5   2.1  -0.001031038021
 1.5  2.1  -2.1  -0.011034917026
 1.5  2.1  -1.5  -0.011746306361
 1.5  2.1  -0.9  -0.012183011451
 1.5  2.1  -0.3  -0.012721837357
 1.5  2.1   0.3  -0.013087894849
 1.5  2.1   0.9  -0.012315170583
 1.5  2.1   1.5  -0.006860770460
 1.5  2.1   2.1   0.021659401846
 2.1 -2.1  -2.1   0.031536290517
 2.1 -2.1  -1.5   0.031536290517
 2.1 -2.1  -0.9   0.031536290517
 2.1 -2.1  -0.3   0.031536290517
 2.1 -2.1   0.3   0.031536290517
 2.1 -2.1   0.9   0.031536290517
 2.1 -2.1   1.5   0.031536290517
 2.1 -2.1   2.1   0.031536290517
 2.1 -1.5  -2.1   0.031536290517
 2.1 -1.5  -1.5   0.031536290517
 2.1 -1.5  -0.9   0.031536290517
 2.1 -1.5  -0.3   0.031536290517
 2.1 -1.5   0.3   0.031536290517
 2.1 -1.5   0.9   0.031536290517
 2.1 -1.5   1.5   0.031536290517
 2.1 -1.5   2.1   0.031536290517
 2.1 -0.9  -2.1   0.031536290517
 2.1 -0.9  -1.5   0.031536290517
 2.1 -0.9  -0.9   0.031536290517
 2.1 -0.9  -0.3   0.031536290517
 2.1 -0.9   0.3   0.031536290517
 2.1 -0.9   0.9   0.031536290517
 2.1 -0.9   1.5   0.031536290517
 2.1 -0.9   2.1   0.031536290517
 2.1 -0.3  -2.1   0.031536290517
 2.1 -0.3  -1.5   0.031536290517
 2.1 -0.3  -0.9   0.031536290517
 2.1 -0.3  -0.3   0.031536290517
 2.1 -0.3   0.3   0.031536290517
 2.1 -0.3   0.9   0.031536290517
 2.1 -0.3   1.5   0.031536290517
 2.1 -0.3   2.1   0.031536290517
 2.1  0.3  -2.1   0.031536290517
 2.1  0.3  -1.5   0.028929210609
 2.1  0.3  -0.9   0.010493621829
 2.1  0.3  -0.3   0.025051274958
 2.1  0.3   0.3   0.031536290517
 2.1  0.3   0.9   0.031536290517
 2.1  0.3   1.5   0.031536290517
 2.1  0.3   2.1   0.031536290517
 2.1  0.9  -2.1   0.031536290517
 2.1  0.9  -1.5  -0.002153638508
 2.1  0.9  -0.9  -0.010911247463
 2.1  0.9  -0.3  -0.010953165501
 2.1  0.9   0.3  -0.008739784643
 2.1  0.9   0.9  -0.001986524551
 2.1  0.9   1.5   0.009962787219
 2.1  0.9   2.1   0.021089244636
 2.1  1.5  -2.1   0.010960220169
 2.1  1.5  -1.5  -0.007291414275
 2.1  1.5  -0.9  -0.010837216021
 2.1  1.5  -0.3  -0.012269547032
 2.1  1.5   0.3  -0.012844727974
 2.1  1.5   0.9  -0.012288386812
 2.1  1.5   1.5  -0.007345584161
 2.1  1.5   2.1   0.029656103183
 2.1  2.1  -2.1  -0.000355300463
 2.1  2.1  -1.5  -0.003153288460
 2.1  2.1  -0.9  -0.007058518770
 2.1  2.1  -0.3  -0.010746956004
 2.1  2.1   0.3  -0.011878197435
 2.1  2.1   0.9  -0.007786026302
 2.1  2.1   1.5   0.013613907560
 2.1  2.1   2.1   0.031536290517
