-2.1 -2.1 -2.1  0.000000000000
-2.1 -2.1 -1.5  0.000000000000
-2.1 -2.1 -0.9  0.000000000000
-2.1 -2.1 -0.3  0.000000000000
-2.1 -2.1  0.3  0.000000000000
-2.1 -2.1  0.9  0.000000000000
-2.1 -2.1  1.5  0.000000000000
-2.1 -2.1  2.1  0.000000000000
-2.1 -1.5 -2.1  0.000000000000
-2.1 -1.5 -1.5  0.000000000000
-2.1 -1.5 -0.9  0.000000000000
-2.1 -1.5 -0.3  0.000000000000
-2.1 -1.5  0.3  0.000000000000
-2.1 -1.5  0.9  0.000000000000
-2.1 -1.5  1.5  0.000000000000
-2.1 -1.5  2.1  0.000000000000
-2.1 -0.9 -2.1  0.000000000000
-2.1 -0.9 -1.5  0.000000000000
-2.1 -0.9 -0.9  0.000000000000
-2.1 -0.9 -0.3  0.000000000000
-2.1 -0.9  0.3  0.000000000000
-2.1 -0.9  0.9  0.000000000000
-2.1 -0.9  1.5  0.000000000000
-2.1 -0.9  2.1  0.000000000000
-2.1 -0.3 -2.1  0.000000000000
-2.1 -0.3 -1.5  0.000000000000
-2.1 -0.3 -0.9  0.000000000000
-2.1 -0.3 -0.3  0.000000000000
-2.1 -0.3  0.3  0.000000000000
-2.1 -0.3  0.9  0.000000000000
-2.1 -0.3  1.5  0.000000000000
-2.1 -0.3  2.1  0.000000000000
-2.1  0.3 -2.1  0.000000000000
-2.1  0.3 -1.5  0.069720000000
-2.1  0.3 -0.9  0.002905000000
-2.1  0.3 -0.3  0.096322000000
-2.1  0.3  0.3  0.035325000000
-2.1  0.3  0.9  0.000000000000
-2.1  0.3  1.5  0.000000000000
-2.1  0.3  2.1  0.000000000000
-2.1  0.9 -2.1  0.000000000000
-2.1  0.9 -1.5  0.859880000000
-2.1  0.9 -0.9  0.035828000000
-2.1  0.9 -0.3  0.004892000000
-2.1  0.9  0.3  0.001794000000
-2.1  0.9  0.9  0.000000000000
-2.1  0.9  1.5  0.000000000000
-2.1  0.9  2.1  0.000000000000
-2.1  1.5 -2.1  0.000000000000
-2.1  1.5 -1.5  0.000000000000
-2.1  1.5 -0.9  0.000000000000
-2.1  1.5 -0.3  0.000000000000
-2.1  1.5  0.3  0.000000000000
-2.1  1.5  0.9  0.000000000000
-2.1  1.5  1.5  0.000000000000
-2.1  1.5  2.1  0.000000000000
-2.1  2.1 -2.1  0.000000000000
-2.1  2.1 -1.5  0.000000000000
-2.1  2.1 -0.9  0.000000000000
-2.1  2.1 -0.3  0.000000000000
-2.1  2.1  0.3  0.000000000000
-2.1  2.1  0.9  0.000000000000
-2.1  2.1  1.5  0.000000000000
-2.1  2.1  2.1  0.000000000000
-1.5 -2.1 -2.1  0.000000000000
-1.5 -2.1 -1.5  0.000000000000
-1.5 -2.1 -0.9  0.000000000000
-1.5 -2.1 -0.3  0.000000000000
-1.5 -2.1  0.3  0.000000000000
-1.5 -2.1  0.9  0.000000000000
-1.5 -2.1  1.5  0.000000000000
-1.5 -2.1  2.1  0.000000000000
-1.5 -1.5 -2.1  0.000000000000
-1.5 -1.5 -1.5  0.000000000000
-1.5 -1.5 -0.9  0.000000000000
-1.5 -1.5 -0.3  0.000000000000
-1.5 -1.5  0.3  0.000000000000
-1.5 -1.5  0.9  0.000000000000
-1.5 -1.5  1.5  0.000000000000
-1.5 -1.5  2.1  0.000000000000
-1.5 -0.9 -2.1  0.000000000000
-1.5 -0.9 -1.5  0.000000000000
-1.5 -0.9 -0.9  0.000000000000
-1.5 -0.9 -0.3  0.000000000000
-1.5 -0.9  0.3  0.000000000000
-1.5 -0.9  0.9  0.000000000000
-1.5 -0.9  1.5  0.000000000000
-1.5 -0.9  2.1  0.000000000000
-1.5 -0.3 -2.1  0.000000000000
-1.5 -0.3 -1.5  0.000000000000
-1.5 -0.3 -0.9  0.000000000000
-1.5 -0.3 -0.3  0.000000000000
-1.5 -0.3  0.3  0.000000000000
-1.5 -0.3  0.9  0.000000000000
-1.5 -0.3  1.5  0.000000000000
-1.5 -0.3  2.1  0.000000000000
-1.5  0.3 -2.1  0.000000000000
-1.5  0.3 -1.5  0.002280000000
-1.5  0.3 -0.9  0.000095000000
-1.5  0.3 -0.3  0.599981000000
-1.5  0.3  0.3  0.220039000000
-1.5  0.3  0.9  0.000000000000
-1.5  0.3  1.5  0.000000000000
-1.5  0.3  2.1  0.000000000000
-1.5  0.9 -2.1  0.000000000000
-1.5  0.9 -1.5  0.028120000000
-1.5  0.9 -0.9  0.001172000000
-1.5  0.9 -0.3  0.030472000000
-1.5  0.9  0.3  0.011175000000
-1.5  0.9  0.9  0.000000000000
-1.5  0.9  1.5  0.000000000000
-1.5  0.9  2.1  0.000000000000
-1.5  1.5 -2.1  0.000000000000
-1.5  1.5 -1.5  0.000000000000
-1.5  1.5 -0.9  0.000000000000
-1.5  1.5 -0.3  0.000000000000
-1.5  1.5  0.3  0.000000000000
-1.5  1.5  0.9  0.000000000000
-1.5  1.5  1.5  0.000000000000
-1.5  1.5  2.1  0.000000000000
-1.5  2.1 -2.1  0.000000000000
-1.5  2.1 -1.5  0.000000000000
-1.5  2.1 -0.9  0.000000000000
-1.5  2.1 -0.3  0.000000000000
-1.5  2.1  0.3  0.000000000000
-1.5  2.1  0.9  0.000000000000
-1.5  2.1  1.5  0.000000000000
-1.5  2.1  2.1  0.000000000000
-0.9 -2.1 -2.1  0.000000000000
-0.9 -2.1 -1.5  0.000000000000
-0.9 -2.1 -0.9  0.000000000000
-0.9 -2.1 -0.3  0.000000000000
-0.9 -2.1  0.3  0.000000000000
-0.9 -2.1  0.9  0.000000000000
-0.9 -2.1  1.5  0.000000000000
-0.9 -2.1  2.1  0.000000000000
-0.9 -1.5 -2.1  0.000000000000
-0.9 -1.5 -1.5  0.000000000000
-0.9 -1.5 -0.9  0.000000000000
-0.9 -1.5 -0.3  0.000000000000
-0.9 -1.5  0.3  0.000000000000
-0.9 -1.5  0.9  0.000000000000
-0.9 -1.5  1.5  0.000000000000
-0.9 -1.5  2.1  0.000000000000
-0.9 -0.9 -2.1  0.000000000000
-0.9 -0.9 -1.5  0.000000000000
-0.9 -0.9 -0.9  0.000000000000
-0.9 -0.9 -0.3  0.000000000000
-0.9 -0.9  0.3  0.000000000000
-0.9 -0.9  0.9  0.000000000000
-0.9 -0.9  1.5  0.000000000000
-0.9 -0.9  2.1  0.000000000000
-0.9 -0.3 -2.1  0.000000000000
-0.9 -0.3 -1.5  0.000000000000
-0.9 -0.3 -0.9  0.000000000000
-0.9 -0.3 -0.3  0.000000000000
-0.9 -0.3  0.3  0.000000000000
-0.9 -0.3  0.9  0.000000000000
-0.9 -0.3  1.5  0.000000000000
-0.9 -0.3  2.1  0.000000000000
-0.9  0.3 -2.1  0.000000000000
-0.9  0.3 -1.5  0.000000000000
-0.9  0.3 -0.9  0.000000000000
-0.9  0.3 -0.3  0.000000000000
-0.9  0.3  0.3  0.000000000000
-0.9  0.3  0.9  0.000000000000
-0.9  0.3  1.5  0.000000000000
-0.9  0.3  2.1  0.000000000000
-0.9  0.9 -2.1  0.000000000000
-0.9  0.9 -1.5  0.000000000000
-0.9  0.9 -0.9  0.000000000000
-0.9  0.9 -0.3  0.000000000000
-0.9  0.9  0.3  0.000000000000
-0.9  0.9  0.9  0.000000000000
-0.9  0.9  1.5  0.000000000000
-0.9  0.9  2.1  0.000000000000
-0.9  1.5 -2.1  0.000000000000
-0.9  1.5 -1.5  0.000000000000
-0.9  1.5 -0.9  0.000000000000
-0.9  1.5 -0.3  0.000000000000
-0.9  1.5  0.3  0.000000000000
-0.9  1.5  0.9  0.000000000000
-0.9  1.5  1.5  0.000000000000
-0.9  1.5  2.1  0.000000000000
-0.9  2.1 -2.1  0.000000000000
-0.9  2.1 -1.5  0.000000000000
-0.9  2.1 -0.9  0.000000000000
-0.9  2.1 -0.3  0.000000000000
-0.9  2.1  0.3  0.000000000000
-0.9  2.1  0.9  0.000000000000
-0.9  2.1  1.5  0.000000000000
-0.9  2.1  2.1  0.000000000000
-0.3 -2.1 -2.1  0.000000000000
-0.3 -2.1 -1.5  0.000000000000
-0.3 -2.1 -0.9  0.000000000000
-0.3 -2.1 -0.3  0.000000000000
-0.3 -2.1  0.3  0.000000000000
-0.3 -2.1  0.9  0.000000000000
-0.3 -2.1  1.5  0.000000000000
-0.3 -2.1  2.1  0.000000000000
-0.3 -1.5 -2.1  0.000000000000
-0.3 -1.5 -1.5  0.000000000000
-0.3 -1.5 -0.9  0.000000000000
-0.3 -1.5 -0.3  0.000000000000
-0.3 -1.5  0.3  0.000000000000
-0.3 -1.5  0.9  0.000000000000
-0.3 -1.5  1.5  0.000000000000
-0.3 -1.5  2.1  0.000000000000
-0.3 -0.9 -2.1  0.000000000000
-0.3 -0.9 -1.5  0.000000000000
-0.3 -0.9 -0.9  0.000000000000
-0.3 -0.9 -0.3  0.058912000000
-0.3 -0.9  0.3  0.003319000000
-0.3 -0.9  0.9  0.000000000000
-0.3 -0.9  1.5  0.000000000000
-0.3 -0.9  2.1  0.000000000000
-0.3 -0.3 -2.1  0.000000000000
-0.3 -0.3 -1.5  0.000000000000
-0.3 -0.3 -0.9  0.000000000000
-0.3 -0.3 -0.3  0.763111000000
-0.3 -0.3  0.3  0.042992000000
-0.3 -0.3  0.9  0.000000000000
-0.3 -0.3  1.5  0.000000000000
-0.3 -0.3  2.1  0.000000000000
-0.3  0.3 -2.1  0.000000000000
-0.3  0.3 -1.5  0.000000000000
-0.3  0.3 -0.9  0.000000000000
-0.3  0.3 -0.3  0.000000000000
-0.3  0.3  0.3  0.000000000000
-0.3  0.3  0.9  0.000000000000
-0.3  0.3  1.5  0.000000000000
-0.3  0.3  2.1  0.000000000000
-0.3  0.9 -2.1  0.000000000000
-0.3  0.9 -1.5  0.000000000000
-0.3  0.9 -0.9  0.000000000000
-0.3  0.9 -0.3  0.000000000000
-0.3  0.9  0.3  0.000000000000
-0.3  0.9  0.9  0.000000000000
-0.3  0.9  1.5  0.000000000000
-0.3  0.9  2.1  0.000000000000
-0.3  1.5 -2.1  0.000000000000
-0.3  1.5 -1.5  0.000000000000
-0.3  1.5 -0.9  0.000000000000
-0.3  1.5 -0.3  0.000000000000
-0.3  1.5  0.3  0.000000000000
-0.3  1.5  0.9  0.000000000000
-0.3  1.5  1.5  0.000000000000
-0.3  1.5  2.1  0.000000000000
-0.3  2.1 -2.1  0.000000000000
-0.3  2.1 -1.5  0.000000000000
-0.3  2.1 -0.9  0.000000000000
-0.3  2.1 -0.3  0.000000000000
-0.3  2.1  0.3  0.000000000000
-0.3  2.1  0.9  0.000000000000
-0.3  2.1  1.5  0.000000000000
-0.3  2.1  2.1  0.000000000000
 0.3 -2.1 -2.1  0.000000000000
 0.3 -2.1 -1.5  0.000000000000
 0.3 -2.1 -0.9  0.000000000000
 0.3 -2.1 -0.3  0.000000000000
 0.3 -2.1  0.3  0.000000000000
 0.3 -2.1  0.9  0.000000000000
 0.3 -2.1  1.5  0.000000000000
 0.3 -2.1  2.1  0.000000000000
 0.3 -1.5 -2.1  0.000000000000
 0.3 -1.5 -1.5  0.000000000000
 0.3 -1.5 -0.9  0.000000000000
 0.3 -1.5 -0.3  0.000000000000
 0.3 -1.5  0.3  0.000000000000
 0.3 -1.5  0.9  0.001171000000
 0.3 -1.5  1.5  0.000356000000
 0.3 -1.5  2.1  0.000000000000
 0.3 -0.9 -2.1  0.000000000000
 0.3 -0.9 -1.5  0.000000000000
 0.3 -0.9 -0.9  0.000000000000
 0.3 -0.9 -0.3  0.008933000000
 0.3 -0.9  0.3  0.000503000000
 0.3 -0.9  0.9  0.701606000000
 0.3 -0.9  1.5  0.213532000000
 0.3 -0.9  2.1  0.000000000000
 0.3 -0.3 -2.1  0.000000000000
 0.3 -0.3 -1.5  0.000000000000
 0.3 -0.3 -0.9  0.000000000000
 0.3 -0.3 -0.3  0.115712000000
 0.3 -0.3  0.3  0.006519000000
 0.3 -0.3  0.9  0.000000000000
 0.3 -0.3  1.5  0.000000000000
 0.3 -0.3  2.1  0.000000000000
 0.3  0.3 -2.1  0.000000000000
 0.3  0.3 -1.5  0.000000000000
 0.3  0.3 -0.9  0.000000000000
 0.3  0.3 -0.3  0.000000000000
 0.3  0.3  0.3  0.000000000000
 0.3  0.3  0.9  0.000000000000
 0.3  0.3  1.5  0.000000000000
 0.3  0.3  2.1  0.000000000000
 0.3  0.9 -2.1  0.000000000000
 0.3  0.9 -1.5  0.000000000000
 0.3  0.9 -0.9  0.000000000000
 0.3  0.9 -0.3  0.000000000000
 0.3  0.9  0.3  0.000000000000
 0.3  0.9  0.9  0.000000000000
 0.3  0.9  1.5  0.000000000000
 0.3  0.9  2.1  0.000000000000
 0.3  1.5 -2.1  0.000000000000
 0.3  1.5 -1.5  0.000000000000
 0.3  1.5 -0.9  0.000000000000
 0.3  1.5 -0.3  0.000000000000
 0.3  1.5  0.3  0.000000000000
 0.3  1.5  0.9  0.000000000000
 0.3  1.5  1.5  0.000000000000
 0.3  1.5  2.1  0.000000000000
 0.3  2.1 -2.1  0.000000000000
 0.3  2.1 -1.5  0.000000000000
 0.3  2.1 -0.9  0.000000000000
 0.3  2.1 -0.3  0.000000000000
 0.3  2.1  0.3  0.000000000000
 0.3  2.1  0.9  0.000000000000
 0.3  2.1  1.5  0.000000000000
 0.3  2.1  2.1  0.000000000000
 0.9 -2.1 -2.1  0.000000000000
 0.9 -2.1 -1.5  0.000000000000
 0.9 -2.1 -0.9  0.000000000000
 0.9 -2.1 -0.3  0.000000000000
 0.9 -2.1  0.3  0.000000000000
 0.9 -2.1  0.9  0.000000000000
 0.9 -2.1  1.5  0.000000000000
 0.9 -2.1  2.1  0.000000000000
 0.9 -1.5 -2.1  0.000000000000
 0.9 -1.5 -1.5  0.000000000000
 0.9 -1.5 -0.9  0.000000000000
 0.9 -1.5 -0.3  0.000000000000
 0.9 -1.5  0.3  0.000000000000
 0.9 -1.5  0.9  0.000106000000
 0.9 -1.5  1.5  0.000032000000
 0.9 -1.5  2.1  0.000000000000
 0.9 -0.9 -2.1  0.000000000000
 0.9 -0.9 -1.5  0.000000000000
 0.9 -0.9 -0.9  0.000000000000
 0.9 -0.9 -0.3  0.000000000000
 0.9 -0.9  0.3  0.000000000000
 0.9 -0.9  0.9  0.063782000000
 0.9 -0.9  1.5  0.019412000000
 0.9 -0.9  2.1  0.000000000000
 0.9 -0.3 -2.1  0.000000000000
 0.9 -0.3 -1.5  0.000000000000
 0.9 -0.3 -0.9  0.000000000000
 0.9 -0.3 -0.3  0.000000000000
 0.9 -0.3  0.3  0.000000000000
 0.9 -0.3  0.9  0.000000000000
 0.9 -0.3  1.5  0.000000000000
 0.9 -0.3  2.1  0.000000000000
 0.9  0.3 -2.1  0.000000000000
 0.9  0.3 -1.5  0.000000000000
 0.9  0.3 -0.9  0.000000000000
 0.9  0.3 -0.3  0.000000000000
 0.9  0.3  0.3  0.000000000000
 0.9  0.3  0.9  0.000000000000
 0.9  0.3  1.5  0.000000000000
 0.9  0.3  2.1  0.000000000000
 0.9  0.9 -2.1  0.000000000000
 0.9  0.9 -1.5  0.000000000000
 0.9  0.9 -0.9  0.000000000000
 0.9  0.9 -0.3  0.000000000000
 0.9  0.9  0.3  0.000000000000
 0.9  0.9  0.9  0.000000000000
 0.9  0.9  1.5  0.000000000000
 0.9  0.9  2.1  0.000000000000
 0.9  1.5 -2.1  0.000000000000
 0.9  1.5 -1.5  0.000000000000
 0.9  1.5 -0.9  0.000000000000
 0.9  1.5 -0.3  0.000000000000
 0.9  1.5  0.3  0.000000000000
 0.9  1.5  0.9  0.000000000000
 0.9  1.5  1.5  0.000000000000
 0.9  1.5  2.1  0.000000000000
 0.9  2.1 -2.1  0.000000000000
 0.9  2.1 -1.5  0.000000000000
 0.9  2.1 -0.9  0.000000000000
 0.9  2.1 -0.3  0.000000000000
 0.9  2.1  0.3  0.000000000000
 0.9  2.1  0.9  0.000000000000
 0.9  2.1  1.5  0.000000000000
 0.9  2.1  2.1  0.000000000000
 1.5 -2.1 -2.1  0.000000000000
 1.5 -2.1 -1.5  0.000000000000
 1.5 -2.1 -0.9  0.000000000000
 1.5 -2.1 -0.3  0.000000000000
 1.5 -2.1  0.3  0.000000000000
 1.5 -2.1  0.9  0.000000000000
 1.5 -2.1  1.5  0.000000000000
 1.5 -2.1  2.1  0.000000000000
 1.5 -1.5 -2.1  0.000000000000
 1.5 -1.5 -1.5  0.000000000000
 1.5 -1.5 -0.9  0.000000000000
 1.5 -1.5 -0.3  0.000000000000
 1.5 -1.5  0.3  0.000000000000
 1.5 -1.5  0.9  0.000000000000
 1.5 -1.5  1.5  0.000000000000
 1.5 -1.5  2.1  0.000000000000
 1.5 -0.9 -2.1  0.000000000000
 1.5 -0.9 -1.5  0.000000000000
 1.5 -0.9 -0.9  0.000000000000
 1.5 -0.9 -0.3  0.000000000000
 1.5 -0.9  0.3  0.000000000000
 1.5 -0.9  0.9  0.000000000000
 1.5 -0.9  1.5  0.000000000000
 1.5 -0.9  2.1  0.000000000000
 1.5 -0.3 -2.1  0.000000000000
 1.5 -0.3 -1.5  0.000000000000
 1.5 -0.3 -0.9  0.000000000000
 1.5 -0.3 -0.3  0.000000000000
 1.5 -0.3  0.3  0.000000000000
 1.5 -0.3  0.9  0.000000000000
 1.5 -0.3  1.5  0.000000000000
 1.5 -0.3  2.1  0.000000000000
 1.5  0.3 -2.1  0.000000000000
 1.5  0.3 -1.5  0.000000000000
 1.5  0.3 -0.9  0.000000000000
 1.5  0.3 -0.3  0.000000000000
 1.5  0.3  0.3  0.000000000000
 1.5  0.3  0.9  0.000000000000
 1.5  0.3  1.5  0.000000000000
 1.5  0.3  2.1  0.000000000000
 1.5  0.9 -2.1  0.000000000000
 1.5  0.9 -1.5  0.000000000000
 1.5  0.9 -0.9  0.000000000000
 1.5  0.9 -0.3  0.000000000000
 1.5  0.9  0.3  0.000000000000
 1.5  0.9  0.9  0.000000000000
 1.5  0.9  1.5  0.000000000000
 1.5  0.9  2.1  0.000000000000
 1.5  1.5 -2.1  0.000000000000
 1.5  1.5 -1.5  0.000000000000
 1.5  1.5 -0.9  0.000000000000
 1.5  1.5 -0.3  0.000000000000
 1.5  1.5  0.3  0.000000000000
 1.5  1.5  0.9  0.000000000000
 1.5  1.5  1.5  0.000000000000
 1.5  1.5  2.1  0.000000000000
 1.5  2.1 -2.1  0.000000000000
 1.5  2.1 -1.5  0.000000000000
 1.5  2.1 -0.9  0.000000000000
 1.5  2.1 -0.3  0.000000000000
 1.5  2.1  0.3  0.000000000000
 1.5  2.1  0.9  0.000000000000
 1.5  2.1  1.5  0.000000000000
 1.5  2.1  2.1  0.000000000000
 2.1 -2.1 -2.1  0.000000000000
 2.1 -2.1 -1.5  0.000000000000
 2.1 -2.1 -0.9  0.000000000000
 2.1 -2.1 -0.3  0.000000000000
 2.1 -2.1  0.3  0.000000000000
 2.1 -2.1  0.9  0.000000000000
 2.1 -2.1  1.5  0.000000000000
 2.1 -2.1  2.1  0.000000000000
 2.1 -1.5 -2.1  0.000000000000
 2.1 -1.5 -1.5  0.000000000000
 2.1 -1.5 -0.9  0.000000000000
 2.1 -1.5 -0.3  0.000000000000
 2.1 -1.5  0.3  0.000000000000
 2.1 -1.5  0.9  0.000000000000
 2.1 -1.5  1.5  0.000000000000
 2.1 -1.5  2.1  0.000000000000
 2.1 -0.9 -2.1  0.000000000000
 2.1 -0.9 -1.5  0.000000000000
 2.1 -0.9 -0.9  0.000000000000
 2.1 -0.9 -0.3  0.000000000000
 2.1 -0.9  0.3  0.000000000000
 2.1 -0.9  0.9  0.000000000000
 2.1 -0.9  1.5  0.000000000000
 2.1 -0.9  2.1  0.000000000000
 2.1 -0.3 -2.1  0.000000000000
 2.1 -0.3 -1.5  0.000000000000
 2.1 -0.3 -0.9  0.000000000000
 2.1 -0.3 -0.3  0.000000000000
 2.1 -0.3  0.3  0.000000000000
 2.1 -0.3  0.9  0.000000000000
 2.1 -0.3  1.5  0.000000000000
 2.1 -0.3  2.1  0.000000000000
 2.1  0.3 -2.1  0.000000000000
 2.1  0.3 -1.5  0.000000000000
 2.1  0.3 -0.9  0.000000000000
 2.1  0.3 -0.3  0.000000000000
 2.1  0.3  0.3  0.000000000000
 2.1  0.3  0.9  0.000000000000
 2.1  0.3  1.5  0.000000000000
 2.1  0.3  2.1  0.000000000000
 2.1  0.9 -2.1  0.000000000000
 2.1  0.9 -1.5  0.000000000000
 2.1  0.9 -0.9  0.000000000000
 2.1  0.9 -0.3  0.000000000000
 2.1  0.9  0.3  0.000000000000
 2.1  0.9  0.9  0.000000000000
 2.1  0.9  1.5  0.000000000000
 2.1  0.9  2.1  0.000000000000
 2.1  1.5 -2.1  0.000000000000
 2.1  1.5 -1.5  0.000000000000
 2.1  1.5 -0.9  0.000000000000
 2.1  1.5 -0.3  0.000000000000
 2.1  1.5  0.3  0.000000000000
 2.1  1.5  0.9  0.000000000000
 2.1  1.5  1.5  0.000000000000
 2.1  1.5  2.1  0.000000000000
 2.1  2.1 -2.1  0.000000000000
 2.1  2.1 -1.5  0.000000000000
 2.1  2.1 -0.9  0.000000000000
 2.1  2.1 -0.3  0.000000000000
 2.1  2.1  0.3  0.000000000000
 2.1  2.1  0.9  0.000000000000
 2.1  2.1  1.5  0.000000000000
 2.1  2.1  2.1  0.000000000000
