  -2.100   -2.100   -2.100       0.000000
  -2.100   -2.100   -1.500       0.000000
  -2.100   -2.100   -0.900       0.000000
  -2.100   -2.100   -0.300       0.000000
  -2.100   -2.100    0.300       0.000000
  -2.100   -2.100    0.900       0.000000
  -2.100   -2.100    1.500       0.000000
  -2.100   -2.100    2.100       0.000000
  -2.100   -1.500   -2.100       0.000000
  -2.100   -1.500   -1.500       0.000000
  -2.100   -1.500   -0.900       0.000000
  -2.100   -1.500   -0.300       0.000000
  -2.100   -1.500    0.300       0.000000
  -2.100   -1.500    0.900       0.000000
  -2.100   -1.500    1.500       0.000000
  -2.100   -1.500    2.100       0.000000
  -2.100   -0.900   -2.100       0.000000
  -2.100   -0.900   -1.500       0.000000
  -2.100   -0.900   -0.900       0.000000
  -2.100   -0.900   -0.300       0.000000
  -2.100   -0.900    0.300       0.000000
  -2.100   -0.900    0.900       0.000000
  -2.100   -0.900    1.500       0.000000
  -2.100   -0.900    2.100       0.000000
  -2.100   -0.300   -2.100       0.000000
  -2.100   -0.300   -1.500       0.000000
  -2.100   -0.300   -0.900       0.000000
  -2.100   -0.300   -0.300       0.000000
  -2.100   -0.300    0.300       0.000000
  -2.100   -0.300    0.900       0.000000
  -2.100   -0.300    1.500       0.000000
  -2.100   -0.300    2.100       0.000000
  -2.100    0.300   -2.100       0.000000
  -2.100    0.300   -1.500       0.000000
  -2.100    0.300   -0.900       0.000000
  -2.100    0.300   -0.300       0.000000
  -2.100    0.300    0.300       0.000000
  -2.100    0.300    0.900       0.000000
  -2.100    0.300    1.500       0.000000
  -2.100    0.300    2.100       0.000000
  -2.100    0.900   -2.100       0.000000
  -2.100    0.900   -1.500       0.000000
  -2.100    0.900   -0.900       0.000000
  -2.100    0.900   -0.300       0.000000
  -2.100    0.900    0.300       0.000000
  -2.100    0.900    0.900       0.000000
  -2.100    0.900    1.500       0.000000
  -2.100    0.900    2.100       0.000000
  -2.100    1.500   -2.100       0.000000
  -2.100    1.500   -1.500       0.000000
  -2.100    1.500   -0.900       0.000000
  -2.100    1.500   -0.300       0.000000
  -2.100    1.500    0.300       0.000000
  -2.100    1.500    0.900       0.000000
  -2.100    1.500    1.500       0.000000
  -2.100    1.500    2.100       0.000000
  -2.100    2.100   -2.100       0.000000
  -2.100    2.100   -1.500       0.000000
  -2.100    2.100   -0.900       0.000000
  -2.100    2.100   -0.300       0.000000
  -2.100    2.100    0.300       0.000000
  -2.100    2.100    0.900       0.000000
  -2.100    2.100    1.500       0.000000
  -2.100    2.100    2.100       0.000000
  -1.500   -2.100   -2.100       0.000000
  -1.500   -2.100   -1.500       0.000000
  -1.500   -2.100   -0.900       0.000000
  -1.500   -2.100   -0.300       0.000000
  -1.500   -2.100    0.300       0.000000
  -1.500   -2.100    0.900       0.000000
  -1.500   -2.100    1.500       0.000000
  -1.500   -2.100    2.100       0.000000
  -1.500   -1.500   -2.100       0.000000
  -1.500   -1.500   -1.500       0.000000
  -1.500   -1.500   -0.900       0.000000
  -1.500   -1.500   -0.300       0.000000
  -1.500   -1.500    0.300       0.000000
  -1.500   -1.500    0.900       0.000000
  -1.500   -1.500    1.500       0.000000
  -1.500   -1.500    2.100       0.000000
  -1.500   -0.900   -2.100       0.000000
  -1.500   -0.900   -1.500       0.000000
  -1.500   -0.900   -0.900       0.000000
  -1.500   -0.900   -0.300       0.000000
  -1.500   -0.900    0.300       0.000000
  -1.500   -0.900    0.900       0.000000
  -1.500   -0.900    1.500       0.000000
  -1.500   -0.900    2.100       0.000000
  -1.500   -0.300   -2.100       0.000000
  -1.500   -0.300   -1.500       0.000000
  -1.500   -0.300   -0.900       0.000000
  -1.500   -0.300   -0.300       0.000000
  -1.500   -0.300    0.300       0.035303
  -1.500   -0.300    0.900       0.018322
  -1.500   -0.300    1.500       0.000000
  -1.500   -0.300    2.100       0.000000
  -1.500    0.300   -2.100       0.000000
  -1.500    0.300   -1.500       0.000000
  -1.500    0.300   -0.900       0.000000
  -1.500    0.300   -0.300       0.000000
  -1.500    0.300    0.300       0.014072
  -1.500    0.300    0.900       0.007303
  -1.500    0.300    1.500       0.000000
  -1.500    0.300    2.100       0.000000
  -1.500    0.900   -2.100       0.000000
  -1.500    0.900   -1.500       0.000000
  -1.500    0.900   -0.900       0.000000
  -1.500    0.900   -0.300       0.000000
  -1.500    0.900    0.300       0.000000
  -1.500    0.900    0.900       0.000000
  -1.500    0.900    1.500       0.000000
  -1.500    0.900    2.100       0.000000
  -1.500    1.500   -2.100       0.000000
  -1.500    1.500   -1.500       0.000000
  -1.500    1.500   -0.900       0.000000
  -1.500    1.500   -0.300       0.000000
  -1.500    1.500    0.300       0.000000
  -1.500    1.500    0.900       0.000000
  -1.500    1.500    1.500       0.000000
  -1.500    1.500    2.100       0.000000
  -1.500    2.100   -2.100       0.000000
  -1.500    2.100   -1.500       0.000000
  -1.500    2.100   -0.900       0.000000
  -1.500    2.100   -0.300       0.000000
  -1.500    2.100    0.300       0.000000
  -1.500    2.100    0.900       0.000000
  -1.500    2.100    1.500       0.000000
  -1.500    2.100    2.100       0.000000
  -0.900   -2.100   -2.100       0.000000
  -0.900   -2.100   -1.500       0.000000
  -0.900   -2.100   -0.900       0.000000
  -0.900   -2.100   -0.300       0.000000
  -0.900   -2.100    0.300       0.000000
  -0.900   -2.100    0.900       0.000000
  -0.900   -2.100    1.500       0.000000
  -0.900   -2.100    2.100       0.000000
  -0.900   -1.500   -2.100       0.000000
  -0.900   -1.500   -1.500       0.000000
  -0.900   -1.500   -0.900       0.000000
  -0.900   -1.500   -0.300       0.000000
  -0.900   -1.500    0.300       0.000000
  -0.900   -1.500    0.900       0.000000
  -0.900   -1.500    1.500       0.000000
  -0.900   -1.500    2.100       0.000000
  -0.900   -0.900   -2.100       0.000000
  -0.900   -0.900   -1.500       0.000000
  -0.900   -0.900   -0.900       0.000000
  -0.900   -0.900   -0.300       0.000000
  -0.900   -0.900    0.300       0.000000
  -0.900   -0.900    0.900       0.000000
  -0.900   -0.900    1.500       0.000000
  -0.900   -0.900    2.100       0.000000
  -0.900   -0.300   -2.100       0.000000
  -0.900   -0.300   -1.500       0.000000
  -0.900   -0.300   -0.900       0.000000
  -0.900   -0.300   -0.300       0.000000
  -0.900   -0.300    0.300       0.435405
  -0.900   -0.300    0.900       0.225970
  -0.900   -0.300    1.500       0.000000
  -0.900   -0.300    2.100       0.000000
  -0.900    0.300   -2.100       0.000000
  -0.900    0.300   -1.500       0.000000
  -0.900    0.300   -0.900       0.000000
  -0.900    0.300   -0.300       0.000000
  -0.900    0.300    0.300       0.173553
  -0.900    0.300    0.900       0.090072
  -0.900    0.300    1.500       0.000000
  -0.900    0.300    2.100       0.000000
  -0.900    0.900   -2.100       0.000000
  -0.900    0.900   -1.500       0.000000
  -0.900    0.900   -0.900       0.000000
  -0.900    0.900   -0.300       0.000000
  -0.900    0.900    0.300       0.000000
  -0.900    0.900    0.900       0.000000
  -0.900    0.900    1.500       0.000000
  -0.900    0.900    2.100       0.000000
  -0.900    1.500   -2.100       0.000000
  -0.900    1.500   -1.500       0.000000
  -0.900    1.500   -0.900       0.000000
  -0.900    1.500   -0.300       0.000000
  -0.900    1.500    0.300       0.000000
  -0.900    1.500    0.900       0.000000
  -0.900    1.500    1.500       0.000000
  -0.900    1.500    2.100       0.000000
  -0.900    2.100   -2.100       0.000000
  -0.900    2.100   -1.500       0.000000
  -0.900    2.100   -0.900       0.000000
  -0.900    2.100   -0.300       0.000000
  -0.900    2.100    0.300       0.000000
  -0.900    2.100    0.900       0.000000
  -0.900    2.100    1.500       0.000000
  -0.900    2.100    2.100       0.000000
  -0.300   -2.100   -2.100       0.000000
  -0.300   -2.100   -1.500       0.000000
  -0.300   -2.100   -0.900       0.000000
  -0.300   -2.100   -0.300       0.000000
  -0.300   -2.100    0.300       0.000000
  -0.300   -2.100    0.900       0.000000
  -0.300   -2.100    1.500       0.000000
  -0.300   -2.100    2.100       0.000000
  -0.300   -1.500   -2.100       0.000000
  -0.300   -1.500   -1.500       0.000000
  -0.300   -1.500   -0.900       0.000000
  -0.300   -1.500   -0.300       0.000000
  -0.300   -1.500    0.300       0.000000
  -0.300   -1.500    0.900       0.000000
  -0.300   -1.500    1.500       0.000000
  -0.300   -1.500    2.100       0.000000
  -0.300   -0.900   -2.100       0.000000
  -0.300   -0.900   -1.500       0.000000
  -0.300   -0.900   -0.900       0.000000
  -0.300   -0.900   -0.300       0.000000
  -0.300   -0.900    0.300       0.000000
  -0.300   -0.900    0.900       0.000000
  -0.300   -0.900    1.500       0.000000
  -0.300   -0.900    2.100       0.000000
  -0.300   -0.300   -2.100       0.000000
  -0.300   -0.300   -1.500       0.000000
  -0.300   -0.300   -0.900       0.000000
  -0.300   -0.300   -0.300       0.000000
  -0.300   -0.300    0.300       0.000000
  -0.300   -0.300    0.900       0.000000
  -0.300   -0.300    1.500       0.000000
  -0.300   -0.300    2.100       0.000000
  -0.300    0.300   -2.100       0.000000
  -0.300    0.300   -1.500       0.000000
  -0.300    0.300   -0.900       0.000000
  -0.300    0.300   -0.300       0.000000
  -0.300    0.300    0.300       0.000000
  -0.300    0.300    0.900       0.000000
  -0.300    0.300    1.500       0.000000
  -0.300    0.300    2.100       0.000000
  -0.300    0.900   -2.100       0.000000
  -0.300    0.900   -1.500       0.000000
  -0.300    0.900   -0.900       0.000000
  -0.300    0.900   -0.300       0.000000
  -0.300    0.900    0.300       0.000000
  -0.300    0.900    0.900       0.000000
  -0.300    0.900    1.500       0.000000
  -0.300    0.900    2.100       0.000000
  -0.300    1.500   -2.100       0.000000
  -0.300    1.500   -1.500       0.000000
  -0.300    1.500   -0.900       0.000000
  -0.300    1.500   -0.300       0.000000
  -0.300    1.500    0.300       0.000000
  -0.300    1.500    0.900       0.000000
  -0.300    1.500    1.500       0.000000
  -0.300    1.500    2.100       0.000000
  -0.300    2.100   -2.100       0.000000
  -0.300    2.100   -1.500       0.000000
  -0.300    2.100   -0.900       0.000000
  -0.300    2.100   -0.300       0.000000
  -0.300    2.100    0.300       0.000000
  -0.300    2.100    0.900       0.000000
  -0.300    2.100    1.500       0.000000
  -0.300    2.100    2.100       0.000000
   0.300   -2.100   -2.100       0.000000
   0.300   -2.100   -1.500       0.000000
   0.300   -2.100   -0.900       0.000000
   0.300   -2.100   -0.300       0.000000
   0.300   -2.100    0.300       0.000000
   0.300   -2.100    0.900       0.000000
   0.300   -2.100    1.500       0.000000
   0.300   -2.100    2.100       0.000000
   0.300   -1.500   -2.100       0.000000
   0.300   -1.500   -1.500       0.000000
   0.300   -1.500   -0.900       0.000000
   0.300   -1.500   -0.300       0.000000
   0.300   -1.500    0.300       0.000000
   0.300   -1.500    0.900       0.000000
   0.300   -1.500    1.500       0.000000
   0.300   -1.500    2.100       0.000000
   0.300   -0.900   -2.100       0.000000
   0.300   -0.900   -1.500       0.000000
   0.300   -0.900   -0.900       0.000000
   0.300   -0.900   -0.300       0.000000
   0.300   -0.900    0.300       0.000000
   0.300   -0.900    0.900       0.000000
   0.300   -0.900    1.500       0.000000
   0.300   -0.900    2.100       0.000000
   0.300   -0.300   -2.100       0.000000
   0.300   -0.300   -1.500       0.000000
   0.300   -0.300   -0.900       0.000000
   0.300   -0.300   -0.300       0.000000
   0.300   -0.300    0.300       0.000000
   0.300   -0.300    0.900       0.000000
   0.300   -0.300    1.500       0.000000
   0.300   -0.300    2.100       0.000000
   0.300    0.300   -2.100       0.000000
   0.300    0.300   -1.500       0.000000
   0.300    0.300   -0.900       0.000000
   0.300    0.300   -0.300       0.089934
   0.300    0.300    0.300       0.568121
   0.300    0.300    0.900       0.000000
   0.300    0.300    1.500       0.000000
   0.300    0.300    2.100       0.000000
   0.300    0.900   -2.100       0.000000
   0.300    0.900   -1.500       0.000000
   0.300    0.900   -0.900       0.000000
   0.300    0.900   -0.300       0.014844
   0.300    0.900    0.300       0.093768
   0.300    0.900    0.900       0.000000
   0.300    0.900    1.500       0.000000
   0.300    0.900    2.100       0.000000
   0.300    1.500   -2.100       0.000000
   0.300    1.500   -1.500       0.000000
   0.300    1.500   -0.900       0.000000
   0.300    1.500   -0.300       0.000000
   0.300    1.500    0.300       0.000000
   0.300    1.500    0.900       0.000000
   0.300    1.500    1.500       0.000000
   0.300    1.500    2.100       0.000000
   0.300    2.100   -2.100       0.000000
   0.300    2.100   -1.500       0.000000
   0.300    2.100   -0.900       0.000000
   0.300    2.100   -0.300       0.000000
   0.300    2.100    0.300       0.000000
   0.300    2.100    0.900       0.000000
   0.300    2.100    1.500       0.000000
   0.300    2.100    2.100       0.000000
   0.900   -2.100   -2.100       0.000000
   0.900   -2.100   -1.500       0.000000
   0.900   -2.100   -0.900       0.000000
   0.900   -2.100   -0.300       0.000000
   0.900   -2.100    0.300       0.000000
   0.900   -2.100    0.900       0.000000
   0.900   -2.100    1.500       0.000000
   0.900   -2.100    2.100       0.000000
   0.900   -1.500   -2.100       0.000000
   0.900   -1.500   -1.500       0.000000
   0.900   -1.500   -0.900       0.000000
   0.900   -1.500   -0.300       0.000000
   0.900   -1.500    0.300       0.000000
   0.900   -1.500    0.900       0.000000
   0.900   -1.500    1.500       0.000000
   0.900   -1.500    2.100       0.000000
   0.900   -0.900   -2.100       0.000000
   0.900   -0.900   -1.500       0.000000
   0.900   -0.900   -0.900       0.171420
   0.900   -0.900   -0.300       0.105064
   0.900   -0.900    0.300       0.000000
   0.900   -0.900    0.900       0.000000
   0.900   -0.900    1.500       0.000000
   0.900   -0.900    2.100       0.000000
   0.900   -0.300   -2.100       0.000000
   0.900   -0.300   -1.500       0.000000
   0.900   -0.300   -0.900       0.157180
   0.900   -0.300   -0.300       0.096336
   0.900   -0.300    0.300       0.000000
   0.900   -0.300    0.900       0.000000
   0.900   -0.300    1.500       0.000000
   0.900   -0.300    2.100       0.000000
   0.900    0.300   -2.100       0.000000
   0.900    0.300   -1.500       0.000000
   0.900    0.300   -0.900       0.000000
   0.900    0.300   -0.300       0.027371
   0.900    0.300    0.300       0.172906
   0.900    0.300    0.900       0.000000
   0.900    0.300    1.500       0.000000
   0.900    0.300    2.100       0.000000
   0.900    0.900   -2.100       0.000000
   0.900    0.900   -1.500       0.000000
   0.900    0.900   -0.900       0.000000
   0.900    0.900   -0.300       0.004518
   0.900    0.900    0.300       0.028538
   0.900    0.900    0.900       0.000000
   0.900    0.900    1.500       0.000000
   0.900    0.900    2.100       0.000000
   0.900    1.500   -2.100       0.000000
   0.900    1.500   -1.500       0.000000
   0.900    1.500   -0.900       0.000000
   0.900    1.500   -0.300       0.000000
   0.900    1.500    0.300       0.000000
   0.900    1.500    0.900       0.000000
   0.900    1.500    1.500       0.000000
   0.900    1.500    2.100       0.000000
   0.900    2.100   -2.100       0.000000
   0.900    2.100   -1.500       0.000000
   0.900    2.100   -0.900       0.000000
   0.900    2.100   -0.300       0.000000
   0.900    2.100    0.300       0.000000
   0.900    2.100    0.900       0.000000
   0.900    2.100    1.500       0.000000
   0.900    2.100    2.100       0.000000
   1.500   -2.100   -2.100       0.000000
   1.500   -2.100   -1.500       0.000000
   1.500   -2.100   -0.900       0.000000
   1.500   -2.100   -0.300       0.000000
   1.500   -2.100    0.300       0.000000
   1.500   -2.100    0.900       0.000000
   1.500   -2.100    1.500       0.000000
   1.500   -2.100    2.100       0.000000
   1.500   -1.500   -2.100       0.000000
   1.500   -1.500   -1.500       0.000000
   1.500   -1.500   -0.900       0.000000
   1.500   -1.500   -0.300       0.000000
   1.500   -1.500    0.300       0.000000
   1.500   -1.500    0.900       0.000000
   1.500   -1.500    1.500       0.000000
   1.500   -1.500    2.100       0.000000
   1.500   -0.900   -2.100       0.000000
   1.500   -0.900   -1.500       0.000000
   1.500   -0.900   -0.900       0.152014
   1.500   -0.900   -0.300       0.093170
   1.500   -0.900    0.300       0.000000
   1.500   -0.900    0.900       0.000000
   1.500   -0.900    1.500       0.000000
   1.500   -0.900    2.100       0.000000
   1.500   -0.300   -2.100       0.000000
   1.500   -0.300   -1.500       0.000000
   1.500   -0.300   -0.900       0.139386
   1.500   -0.300   -0.300       0.085430
   1.500   -0.300    0.300       0.000000
   1.500   -0.300    0.900       0.000000
   1.500   -0.300    1.500       0.000000
   1.500   -0.300    2.100       0.000000
   1.500    0.300   -2.100       0.000000
   1.500    0.300   -1.500       0.000000
   1.500    0.300   -0.900       0.000000
   1.500    0.300   -0.300       0.000000
   1.500    0.300    0.300       0.000000
   1.500    0.300    0.900       0.000000
   1.500    0.300    1.500       0.000000
   1.500    0.300    2.100       0.000000
   1.500    0.900   -2.100       0.000000
   1.500    0.900   -1.500       0.000000
   1.500    0.900   -0.900       0.000000
   1.500    0.900   -0.300       0.000000
   1.500    0.900    0.300       0.000000
   1.500    0.900    0.900       0.000000
   1.500    0.900    1.500       0.000000
   1.500    0.900    2.100       0.000000
   1.500    1.500   -2.100       0.000000
   1.500    1.500   -1.500       0.000000
   1.500    1.500   -0.900       0.000000
   1.500    1.500   -0.300       0.000000
   1.500    1.500    0.300       0.000000
   1.500    1.500    0.900       0.000000
   1.500    1.500    1.500       0.000000
   1.500    1.500    2.100       0.000000
   1.500    2.100   -2.100       0.000000
   1.500    2.100   -1.500       0.000000
   1.500    2.100   -0.900       0.000000
   1.500    2.100   -0.300       0.000000
   1.500    2.100    0.300       0.000000
   1.500    2.100    0.900       0.000000
   1.500    2.100    1.500       0.000000
   1.500    2.100    2.100       0.000000
   2.100   -2.100   -2.100       0.000000
   2.100   -2.100   -1.500       0.000000
   2.100   -2.100   -0.900       0.000000
   2.100   -2.100   -0.300       0.000000
   2.100   -2.100    0.300       0.000000
   2.100   -2.100    0.900       0.000000
   2.100   -2.100    1.500       0.000000
   2.100   -2.100    2.100       0.000000
   2.100   -1.500   -2.100       0.000000
   2.100   -1.500   -1.500       0.000000
   2.100   -1.500   -0.900       0.000000
   2.100   -1.500   -0.300       0.000000
   2.100   -1.500    0.300       0.000000
   2.100   -1.500    0.900       0.000000
   2.100   -1.500    1.500       0.000000
   2.100   -1.500    2.100       0.000000
   2.100   -0.900   -2.100       0.000000
   2.100   -0.900   -1.500       0.000000
   2.100   -0.900   -0.900       0.000000
   2.100   -0.900   -0.300       0.000000
   2.100   -0.900    0.300       0.000000
   2.100   -0.900    0.900       0.000000
   2.100   -0.900    1.500       0.000000
   2.100   -0.900    2.100       0.000000
   2.100   -0.300   -2.100       0.000000
   2.100   -0.300   -1.500       0.000000
   2.100   -0.300   -0.900       0.000000
   2.100   -0.300   -0.300       0.000000
   2.100   -0.300    0.300       0.000000
   2.100   -0.300    0.900       0.000000
   2.100   -0.300    1.500       0.000000
   2.100   -0.300    2.100       0.000000
   2.100    0.300   -2.100       0.000000
   2.100    0.300   -1.500       0.000000
   2.100    0.300   -0.900       0.000000
   2.100    0.300   -0.300       0.000000
   2.100    0.300    0.300       0.000000
   2.100    0.300    0.900       0.000000
   2.100    0.300    1.500       0.000000
   2.100    0.300    2.100       0.000000
   2.100    0.900   -2.100       0.000000
   2.100    0.900   -1.500       0.000000
   2.100    0.900   -0.900       0.000000
   2.100    0.900   -0.300       0.000000
   2.100    0.900    0.300       0.000000
   2.100    0.900    0.900       0.000000
   2.100    0.900    1.500       0.000000
   2.100    0.900    2.100       0.000000
   2.100    1.500   -2.100       0.000000
   2.100    1.500   -1.500       0.000000
   2.100    1.500   -0.900       0.000000
   2.100    1.500   -0.300       0.000000
   2.100    1.500    0.300       0.000000
   2.100    1.500    0.900       0.000000
   2.100    1.500    1.500       0.000000
   2.100    1.500    2.100       0.000000
   2.100    2.100   -2.100       0.000000
   2.100    2.100   -1.500       0.000000
   2.100    2.100   -0.900       0.000000
   2.100    2.100   -0.300       0.000000
   2.100    2.100    0.300       0.000000
   2.100    2.100    0.900       0.000000
   2.100    2.100    1.500       0.000000
   2.100    2.100    2.100       0.000000
