  -2.100   -2.100   -2.100       130.511508
  -2.100   -2.100   -1.500        96.827295
  -2.100   -2.100   -0.900       470.711346
  -2.100   -2.100   -0.300      1221.220097
  -2.100   -2.100    0.300       990.286076
  -2.100   -2.100    0.900       754.902519
  -2.100   -2.100    1.500      1746.613576
  -2.100   -2.100    2.100      1953.307447
  -2.100   -1.500   -2.100       586.039048
  -2.100   -1.500   -1.500       101.048394
  -2.100   -1.500   -0.900        44.607562
  -2.100   -1.500   -0.300        47.470577
  -2.100   -1.500    0.300        44.068021
  -2.100   -1.500    0.900        68.251374
  -2.100   -1.500    1.500       176.437976
  -2.100   -1.500    2.100       317.217558
  -2.100   -0.900   -2.100      7259.433303
  -2.100   -0.900   -1.500       511.641441
  -2.100   -0.900   -0.900        86.087945
  -2.100   -0.900   -0.300        35.369352
  -2.100   -0.900    0.300        11.162879
  -2.100   -0.900    0.900        10.499890
  -2.100   -0.900    1.500        40.923076
  -2.100   -0.900    2.100       114.188775
  -2.100   -0.300   -2.100     34891.548793
  -2.100   -0.300   -1.500      1273.804747
  -2.100   -0.300   -0.900       139.625689
  -2.100   -0.300   -0.300        50.521849
  -2.100   -0.300    0.300        12.947677
  -2.100   -0.300    0.900         8.886183
  -2.100   -0.300    1.500        92.760229
  -2.100   -0.300    2.100       789.454108
  -2.100    0.300   -2.100     20972.605125
  -2.100    0.300   -1.500       946.704425
  -2.100    0.300   -0.900       103.841965
  -2.100    0.300   -0.300        34.768972
  -2.100    0.300    0.300        10.298560
  -2.100    0.300    0.900        42.097144
  -2.100    0.300    1.500       904.579405
  -2.100    0.300    2.100     26342.910975
  -2.100    0.900   -2.100      2377.160391
  -2.100    0.900   -1.500       241.385273
  -2.100    0.900   -0.900        36.478671
  -2.100    0.900   -0.300        11.277170
  -2.100    0.900    0.300         9.971302
  -2.100    0.900    0.900       136.430032
  -2.100    0.900    1.500      5202.621801
  -2.100    0.900    2.100    832737.120516
  -2.100    1.500   -2.100       165.919373
  -2.100    1.500   -1.500        32.736358
  -2.100    1.500   -0.900         5.079209
  -2.100    1.500   -0.300         4.185037
  -2.100    1.500    0.300        39.513249
  -2.100    1.500    0.900       354.111542
  -2.100    1.500    1.500      8374.938520
  -2.100    1.500    2.100   1818020.760050
  -2.100    2.100   -2.100        10.251559
  -2.100    2.100   -1.500         1.193220
  -2.100    2.100   -0.900        -0.353405
  -2.100    2.100   -0.300        24.776754
  -2.100    2.100    0.300       333.282942
  -2.100    2.100    0.900      3941.899658
  -2.100    2.100    1.500     31570.321015
  -2.100    2.100    2.100    730286.407232
  -1.500   -2.100   -2.100       258.853989
  -1.500   -2.100   -1.500        99.076582
  -1.500   -2.100   -0.900       469.989897
  -1.500   -2.100   -0.300      1243.103898
  -1.500   -2.100    0.300      1194.243153
  -1.500   -2.100    0.900      3070.351476
  -1.500   -2.100    1.500     16625.030314
  -1.500   -2.100    2.100     17616.596726
  -1.500   -1.500   -2.100       166.024626
  -1.500   -1.500   -1.500        24.008716
  -1.500   -1.500   -0.900        19.313598
  -1.500   -1.500   -0.300        36.562525
  -1.500   -1.500    0.300        51.922097
  -1.500   -1.500    0.900       131.174104
  -1.500   -1.500    1.500       333.742709
  -1.500   -1.500    2.100       348.909469
  -1.500   -0.900   -2.100       362.080519
  -1.500   -0.900   -1.500        53.562280
  -1.500   -0.900   -0.900         5.844991
  -1.500   -0.900   -0.300        -0.083765
  -1.500   -0.900    0.300        -0.404569
  -1.500   -0.900    0.900         4.616736
  -1.500   -0.900    1.500        20.197377
  -1.500   -0.900    2.100        63.571267
  -1.500   -0.300   -2.100       813.280317
  -1.500   -0.300   -1.500       102.292147
  -1.500   -0.300   -0.900        10.263742
  -1.500   -0.300   -0.300        -0.825582
  -1.500   -0.300    0.300        -2.983178
  -1.500   -0.300    0.900         4.290715
  -1.500   -0.300    1.500        88.794535
  -1.500   -0.300    2.100       819.167142
  -1.500    0.300   -2.100       608.259179
  -1.500    0.300   -1.500        82.062136
  -1.500    0.300   -0.900         7.855710
  -1.500    0.300   -0.300        -1.500025
  -1.500    0.300    0.300        -1.281236
  -1.500    0.300    0.900        39.017969
  -1.500    0.300    1.500       895.514828
  -1.500    0.300    2.100     25790.379928
  -1.500    0.900   -2.100       157.615508
  -1.500    0.900   -1.500        27.266310
  -1.500    0.900   -0.900         1.084580
  -1.500    0.900   -0.300        -2.691876
  -1.500    0.900    0.300         3.689240
  -1.500    0.900    0.900       129.352977
  -1.500    0.900    1.500      5086.665258
  -1.500    0.900    2.100    790540.667716
  -1.500    1.500   -2.100        20.083034
  -1.500    1.500   -1.500         2.326632
  -1.500    1.500   -0.900        -2.861129
  -1.500    1.500   -0.300        -0.984208
  -1.500    1.500    0.300        24.792594
  -1.500    1.500    0.900       279.925605
  -1.500    1.500    1.500      7944.756902
  -1.500    1.500    2.100   1712058.108515
  -1.500    2.100   -2.100         1.539718
  -1.500    2.100   -1.500        -1.033915
  -1.500    2.100   -0.900        -1.550176
  -1.500    2.100   -0.300        13.795586
  -1.500    2.100    0.300       185.638367
  -1.500    2.100    0.900      1833.726325
  -1.500    2.100    1.500     15305.060441
  -1.500    2.100    2.100    601310.783065
  -0.900   -2.100   -2.100       849.659153
  -0.900   -2.100   -1.500        77.967589
  -0.900   -2.100   -0.900       164.343870
  -0.900   -2.100   -0.300       397.212478
  -0.900   -2.100    0.300       692.296296
  -0.900   -2.100    0.900      5485.297356
  -0.900   -2.100    1.500     42115.190832
  -0.900   -2.100    2.100     45368.071225
  -0.900   -1.500   -2.100       515.923253
  -0.900   -1.500   -1.500        22.890659
  -0.900   -1.500   -0.900         6.875122
  -0.900   -1.500   -0.300        17.003420
  -0.900   -1.500    0.300        43.029542
  -0.900   -1.500    0.900       179.619700
  -0.900   -1.500    1.500       524.177484
  -0.900   -1.500    2.100       544.294228
  -0.900   -0.900   -2.100       173.556328
  -0.900   -0.900   -1.500         9.237021
  -0.900   -0.900   -0.900        -2.848666
  -0.900   -0.900   -0.300        -3.384150
  -0.900   -0.900    0.300        -1.484090
  -0.900   -0.900    0.900         5.263341
  -0.900   -0.900    1.500        19.263988
  -0.900   -0.900    2.100        46.883736
  -0.900   -0.300   -2.100        54.306422
  -0.900   -0.300   -1.500         5.918384
  -0.900   -0.300   -0.900        -2.941909
  -0.900   -0.300   -0.300        -4.386366
  -0.900   -0.300    0.300        -4.290990
  -0.900   -0.300    0.900         0.164034
  -0.900   -0.300    1.500        39.117365
  -0.900   -0.300    2.100       324.835715
  -0.900    0.300   -2.100        26.536817
  -0.900    0.300   -1.500         3.224693
  -0.900    0.300   -0.900        -2.988301
  -0.900    0.300   -0.300        -4.198142
  -0.900    0.300    0.300        -3.179823
  -0.900    0.300    0.900        15.777384
  -0.900    0.300    1.500       284.758168
  -0.900    0.300    2.100      4127.564419
  -0.900    0.900   -2.100         7.502164
  -0.900    0.900   -1.500        -0.829702
  -0.900    0.900   -0.900        -3.586441
  -0.900    0.900   -0.300        -4.016046
  -0.900    0.900    0.300        -0.449129
  -0.900    0.900    0.900        51.899204
  -0.900    0.900    1.500      1154.062341
  -0.900    0.900    2.100     38232.575074
  -0.900    1.500   -2.100        -1.265812
  -0.900    1.500   -1.500        -3.207246
  -0.900    1.500   -0.900        -3.990885
  -0.900    1.500   -0.300        -2.985695
  -0.900    1.500    0.300         7.724132
  -0.900    1.500    0.900       104.388571
  -0.900    1.500    1.500      1764.437607
  -0.900    1.500    2.100     62195.827827
  -0.900    2.100   -2.100        -0.684785
  -0.900    2.100   -1.500        -1.627844
  -0.900    2.100   -0.900        -2.291427
  -0.900    2.100   -0.300         2.774453
  -0.900    2.100    0.300        50.419488
  -0.900    2.100    0.900       376.120914
  -0.900    2.100    1.500      2762.453566
  -0.900    2.100    2.100     45621.161347
  -0.300   -2.100   -2.100      1682.902369
  -0.300   -2.100   -1.500        75.327573
  -0.300   -2.100   -0.900        31.551835
  -0.300   -2.100   -0.300        76.785048
  -0.300   -2.100    0.300       264.343764
  -0.300   -2.100    0.900      2184.993356
  -0.300   -2.100    1.500     12068.258996
  -0.300   -2.100    2.100     12815.930731
  -0.300   -1.500   -2.100       997.227070
  -0.300   -1.500   -1.500        30.991671
  -0.300   -1.500   -0.900         0.386819
  -0.300   -1.500   -0.300         4.671199
  -0.300   -1.500    0.300        24.948620
  -0.300   -1.500    0.900       109.572266
  -0.300   -1.500    1.500       290.243149
  -0.300   -1.500    2.100       305.199075
  -0.300   -0.900   -2.100       278.270862
  -0.300   -0.900   -1.500         8.748241
  -0.300   -0.900   -0.900        -3.739099
  -0.300   -0.900   -0.300        -3.619101
  -0.300   -0.900    0.300        -0.982733
  -0.300   -0.900    0.900         6.123816
  -0.300   -0.900    1.500        17.851980
  -0.300   -0.900    2.100        31.092818
  -0.300   -0.300   -2.100        37.008513
  -0.300   -0.300   -1.500        -0.818268
  -0.300   -0.300   -0.900        -4.164422
  -0.300   -0.300   -0.300        -4.393130
  -0.300   -0.300    0.300        -4.011839
  -0.300   -0.300    0.900        -1.780945
  -0.300   -0.300    1.500        10.138008
  -0.300   -0.300    2.100        81.282156
  -0.300    0.300   -2.100         1.564944
  -0.300    0.300   -1.500        -3.119361
  -0.300    0.300   -0.900        -3.992522
  -0.300    0.300   -0.300        -4.208637
  -0.300    0.300    0.300        -3.926406
  -0.300    0.300    0.900         1.109789
  -0.300    0.300    1.500        47.451760
  -0.300    0.300    2.100       415.089034
  -0.300    0.900   -2.100        -2.799294
  -0.300    0.900   -1.500        -3.589749
  -0.300    0.900   -0.900        -3.901451
  -0.300    0.900   -0.300        -4.030249
  -0.300    0.900    0.300        -3.092768
  -0.300    0.900    0.900         8.907771
  -0.300    0.900    1.500       135.391548
  -0.300    0.900    2.100      1361.858139
  -0.300    1.500   -2.100        -3.571320
  -0.300    1.500   -1.500        -3.783683
  -0.300    1.500   -0.900        -3.956421
  -0.300    1.500   -0.300        -3.797346
  -0.300    1.500    0.300        -1.110923
  -0.300    1.500    0.900        20.084321
  -0.300    1.500    1.500       207.160937
  -0.300    1.500    2.100      1881.419900
  -0.300    2.100   -2.100        -2.117029
  -0.300    2.100   -1.500        -2.525290
  -0.300    2.100   -0.900        -3.067262
  -0.300    2.100   -0.300        -2.290458
  -0.300    2.100    0.300         6.295203
  -0.300    2.100    0.900        53.401795
  -0.300    2.100    1.500       315.931898
  -0.300    2.100    2.100      2118.938726
   0.300   -2.100   -2.100      1106.111089
   0.300   -2.100   -1.500        55.550202
   0.300   -2.100   -0.900        19.434418
   0.300   -2.100   -0.300        72.335119
   0.300   -2.100    0.300       219.962496
   0.300   -2.100    0.900       606.521885
   0.300   -2.100    1.500      1552.276702
   0.300   -2.100    2.100      1730.259301
   0.300   -1.500   -2.100       556.387241
   0.300   -1.500   -1.500        22.586758
   0.300   -1.500   -0.900         4.891300
   0.300   -1.500   -0.300        22.702547
   0.300   -1.500    0.300        69.434649
   0.300   -1.500    0.900       188.043733
   0.300   -1.500    1.500       461.589891
   0.300   -1.500    2.100       595.078139
   0.300   -0.900   -2.100       164.788544
   0.300   -0.900   -1.500         5.494640
   0.300   -0.900   -0.900        -1.848236
   0.300   -0.900   -0.300         2.451267
   0.300   -0.900    0.300        15.002375
   0.300   -0.900    0.900        51.670126
   0.300   -0.900    1.500       129.514364
   0.300   -0.900    2.100       169.264331
   0.300   -0.300   -2.100        22.930643
   0.300   -0.300   -1.500        -1.893325
   0.300   -0.300   -0.900        -3.810713
   0.300   -0.300   -0.300        -3.039772
   0.300   -0.300    0.300        -0.399380
   0.300   -0.300    0.900         7.265291
   0.300   -0.300    1.500        22.339243
   0.300   -0.300    2.100        41.391526
   0.300    0.300   -2.100        -0.735895
   0.300    0.300   -1.500        -3.597455
   0.300    0.300   -0.900        -3.939505
   0.300    0.300   -0.300        -3.914206
   0.300    0.300    0.300        -3.579557
   0.300    0.300    0.900        -1.755217
   0.300    0.300    1.500         6.536784
   0.300    0.300    2.100        50.034958
   0.300    0.900   -2.100        -3.456579
   0.300    0.900   -1.500        -3.716997
   0.300    0.900   -0.900        -3.783592
   0.300    0.900   -0.300        -3.898510
   0.300    0.900    0.300        -3.877255
   0.300    0.900    0.900        -2.018458
   0.300    0.900    1.500        11.874368
   0.300    0.900    2.100        93.356942
   0.300    1.500   -2.100        -3.725286
   0.300    1.500   -1.500        -3.747061
   0.300    1.500   -0.900        -3.815135
   0.300    1.500   -0.300        -3.920298
   0.300    1.500    0.300        -3.650790
   0.300    1.500    0.900        -0.511664
   0.300    1.500    1.500        18.957194
   0.300    1.500    2.100       114.161884
   0.300    2.100   -2.100        -3.134066
   0.300    2.100   -1.500        -3.264082
   0.300    2.100   -0.900        -3.539555
   0.300    2.100   -0.300        -3.686079
   0.300    2.100    0.300        -2.751530
   0.300    2.100    0.900         3.026369
   0.300    2.100    1.500        29.140390
   0.300    2.100    2.100       135.628029
   0.900   -2.100   -2.100       300.190676
   0.900   -2.100   -1.500        54.495401
   0.900   -2.100   -0.900       205.335874
   0.900   -2.100   -0.300      1081.154714
   0.900   -2.100    0.300      4373.926037
   0.900   -2.100    0.900      8289.589711
   0.900   -2.100    1.500     25369.272673
   0.900   -2.100    2.100     45692.409356
   0.900   -1.500   -2.100       140.844582
   0.900   -1.500   -1.500        27.335246
   0.900   -1.500   -0.900        89.480912
   0.900   -1.500   -0.300       309.975819
   0.900   -1.500    0.300       893.136189
   0.900   -1.500    0.900      2913.185538
   0.900   -1.500    1.500     15611.326947
   0.900   -1.500    2.100     28135.025534
   0.900   -0.900   -2.100        54.872965
   0.900   -0.900   -1.500         7.428232
   0.900   -0.900   -0.900        18.961337
   0.900   -0.900   -0.300        55.966473
   0.900   -0.900    0.300       148.456477
   0.900   -0.900    0.900       591.362866
   0.900   -0.900    1.500      2390.104711
   0.900   -0.900    2.100      3669.488612
   0.900   -0.300   -2.100        12.719379
   0.900   -0.300   -1.500        -0.984051
   0.900   -0.300   -0.900        -0.451429
   0.900   -0.300   -0.300         4.791376
   0.900   -0.300    0.300        19.332318
   0.900   -0.300    0.900        75.075381
   0.900   -0.300    1.500       213.390673
   0.900   -0.300    2.100       287.093308
   0.900    0.300   -2.100         0.084870
   0.900    0.300   -1.500        -3.261065
   0.900    0.300   -0.900        -3.572605
   0.900    0.300   -0.300        -2.985498
   0.900    0.300    0.300        -1.120198
   0.900    0.300    0.900         4.588051
   0.900    0.300    1.500        15.277223
   0.900    0.300    2.100        24.418127
   0.900    0.900   -2.100        -2.834328
   0.900    0.900   -1.500        -3.629219
   0.900    0.900   -0.900        -3.758040
   0.900    0.900   -0.300        -3.793329
   0.900    0.900    0.300        -3.756606
   0.900    0.900    0.900        -3.251710
   0.900    0.900    1.500        -1.175576
   0.900    0.900    2.100         7.050456
   0.900    1.500   -2.100        -3.564530
   0.900    1.500   -1.500        -3.735329
   0.900    1.500   -0.900        -3.782989
   0.900    1.500   -0.300        -3.887020
   0.900    1.500    0.300        -4.037464
   0.900    1.500    0.900        -3.889360
   0.900    1.500    1.500        -1.962013
   0.900    1.500    2.100         7.080614
   0.900    2.100   -2.100        -3.617147
   0.900    2.100   -1.500        -3.655891
   0.900    2.100   -0.900        -3.774206
   0.900    2.100   -0.300        -3.964692
   0.900    2.100    0.300        -4.100522
   0.900    2.100    0.900        -3.683352
   0.900    2.100    1.500        -1.017898
   0.900    2.100    2.100         9.360392
   1.500   -2.100   -2.100       169.516028
   1.500   -2.100   -1.500       473.427903
   1.500   -2.100   -0.900      4809.307351
   1.500   -2.100   -0.300     30076.513925
   1.500   -2.100    0.300    290386.106186
   1.500   -2.100    0.900    588930.718747
   1.500   -2.100    1.500   4906310.691353
   1.500   -2.100    2.100  27442227.363359
   1.500   -1.500   -2.100       226.040432
   1.500   -1.500   -1.500       254.247526
   1.500   -1.500   -0.900      1848.251934
   1.500   -1.500   -0.300      6112.698431
   1.500   -1.500    0.300     14451.580362
   1.500   -1.500    0.900     58870.809094
   1.500   -1.500    1.500   1793521.193147
   1.500   -1.500    2.100   7509441.736479
   1.500   -0.900   -2.100       177.955946
   1.500   -0.900   -1.500        64.977335
   1.500   -0.900   -0.900       251.917225
   1.500   -0.900   -0.300       601.183439
   1.500   -0.900    0.300      1031.586689
   1.500   -0.900    0.900      5536.889550
   1.500   -0.900    1.500     52064.142392
   1.500   -0.900    2.100    110145.658157
   1.500   -0.300   -2.100        69.131145
   1.500   -0.300   -1.500        11.581940
   1.500   -0.300   -0.900        20.913826
   1.500   -0.300   -0.300        46.410554
   1.500   -0.300    0.300        94.786943
   1.500   -0.300    0.900       383.248887
   1.500   -0.300    1.500      1479.854509
   1.500   -0.300    2.100      2209.385702
   1.500    0.300   -2.100        16.536429
   1.500    0.300   -1.500        -0.406394
   1.500    0.300   -0.900        -1.804007
   1.500    0.300   -0.300         0.193488
   1.500    0.300    0.300         5.579450
   1.500    0.300    0.900        24.730130
   1.500    0.300    1.500        65.202981
   1.500    0.300    2.100        84.503921
   1.500    0.900   -2.100         1.824023
   1.500    0.900   -1.500        -3.025581
   1.500    0.900   -0.900        -3.744236
   1.500    0.900   -0.300        -3.679492
   1.500    0.900    0.300        -3.262557
   1.500    0.900    0.900        -2.009528
   1.500    0.900    1.500         0.149960
   1.500    0.900    2.100         2.091386
   1.500    1.500   -2.100        -2.347546
   1.500    1.500   -1.500        -3.631800
   1.500    1.500   -0.900        -3.850579
   1.500    1.500   -0.300        -3.935680
   1.500    1.500    0.300        -4.047235
   1.500    1.500    0.900        -4.101988
   1.500    1.500    1.500        -3.642450
   1.500    1.500    2.100        -0.326937
   1.500    2.100   -2.100        -3.499117
   1.500    2.100   -1.500        -3.724695
   1.500    2.100   -0.900        -3.863172
   1.500    2.100   -0.300        -4.034031
   1.500    2.100    0.300        -4.150106
   1.500    2.100    0.900        -3.905079
   1.500    2.100    1.500        -2.175516
   1.500    2.100    2.100         6.868088
   2.100   -2.100   -2.100       914.676701
   2.100   -2.100   -1.500      7732.387635
   2.100   -2.100   -0.900    507250.631483
   2.100   -2.100   -0.300   7529728.146394
   2.100   -2.100    0.300  35725664.955975
   2.100   -2.100    0.900 146582984.190685
   2.100   -2.100    1.500 3179130341.617679
   2.100   -2.100    2.100 10222286180750.156250
   2.100   -1.500   -2.100      2013.445308
   2.100   -1.500   -1.500      3016.264418
   2.100   -1.500   -0.900     84681.824615
   2.100   -1.500   -0.300    551958.393293
   2.100   -1.500    0.300    236019.437566
   2.100   -1.500    0.900    565774.808893
   2.100   -1.500    1.500 245635156.497648
   2.100   -1.500    2.100 12833065125.326611
   2.100   -0.900   -2.100      1619.506009
   2.100   -0.900   -1.500       422.691626
   2.100   -0.900   -0.900      3048.683811
   2.100   -0.900   -0.300      8609.035552
   2.100   -0.900    0.300      5994.771790
   2.100   -0.900    0.900     22899.901805
   2.100   -0.900    1.500    483217.913472
   2.100   -0.900    2.100   1485882.092105
   2.100   -0.300   -2.100       473.768171
   2.100   -0.300   -1.500        61.293354
   2.100   -0.300   -0.900       120.280255
   2.100   -0.300   -0.300       236.958864
   2.100   -0.300    0.300       280.569301
   2.100   -0.300    0.900       951.932866
   2.100   -0.300    1.500      4621.017075
   2.100   -0.300    2.100      7531.086059
   2.100    0.300   -2.100        96.725718
   2.100    0.300   -1.500         9.173308
   2.100    0.300   -0.900         3.327475
   2.100    0.300   -0.300         7.943634
   2.100    0.300    0.300        15.830297
   2.100    0.300    0.900        49.963940
   2.100    0.300    1.500       134.340803
   2.100    0.300    2.100       176.968514
   2.100    0.900   -2.100        22.389318
   2.100    0.900   -1.500        -0.682908
   2.100    0.900   -0.900        -3.459902
   2.100    0.900   -0.300        -3.473194
   2.100    0.900    0.300        -2.771342
   2.100    0.900    0.900        -0.629917
   2.100    0.900    1.500         3.159150
   2.100    0.900    2.100         6.687294
   2.100    1.500   -2.100         3.475431
   2.100    1.500   -1.500        -2.312071
   2.100    1.500   -0.900        -3.436427
   2.100    1.500   -0.300        -3.890612
   2.100    1.500    0.300        -4.072999
   2.100    1.500    0.900        -3.896586
   2.100    1.500    1.500        -2.329248
   2.100    1.500    2.100         9.403802
   2.100    2.100   -2.100        -0.112664
   2.100    2.100   -1.500        -0.999892
   2.100    2.100   -0.900        -2.238221
   2.100    2.100   -0.300        -3.407806
   2.100    2.100    0.300        -3.766517
   2.100    2.100    0.900        -2.468910
   2.100    2.100    1.500         4.316902
   2.100    2.100    2.100        47.698181
