  -2.100   -2.100   -2.100        13.268201
  -2.100   -2.100   -1.500        15.772457
  -2.100   -2.100   -0.900        20.477515
  -2.100   -2.100   -0.300        23.608740
  -2.100   -2.100    0.300        21.880517
  -2.100   -2.100    0.900        22.513696
  -2.100   -2.100    1.500        22.419201
  -2.100   -2.100    2.100        17.294151
  -2.100   -1.500   -2.100        15.975395
  -2.100   -1.500   -1.500        14.753380
  -2.100   -1.500   -0.900        14.851119
  -2.100   -1.500   -0.300        15.522414
  -2.100   -1.500    0.300        15.864925
  -2.100   -1.500    0.900        16.393387
  -2.100   -1.500    1.500        16.029458
  -2.100   -1.500    2.100        13.572079
  -2.100   -0.900   -2.100        38.501956
  -2.100   -0.900   -1.500        16.413118
  -2.100   -0.900   -0.900        12.528315
  -2.100   -0.900   -0.300        12.079235
  -2.100   -0.900    0.300        12.266897
  -2.100   -0.900    0.900        12.622877
  -2.100   -0.900    1.500        12.711841
  -2.100   -0.900    2.100        11.775665
  -2.100   -0.300   -2.100        52.168731
  -2.100   -0.300   -1.500        15.118228
  -2.100   -0.300   -0.900        10.579177
  -2.100   -0.300   -0.300         9.971539
  -2.100   -0.300    0.300        10.162807
  -2.100   -0.300    0.900        11.004038
  -2.100   -0.300    1.500        13.186620
  -2.100   -0.300    2.100        15.724042
  -2.100    0.300   -2.100        10.635937
  -2.100    0.300   -1.500         9.053409
  -2.100    0.300   -0.900         8.295651
  -2.100    0.300   -0.300         8.296197
  -2.100    0.300    0.300         8.727409
  -2.100    0.300    0.900        10.423555
  -2.100    0.300    1.500        18.906511
  -2.100    0.300    2.100        68.869734
  -2.100    0.900   -2.100         4.069841
  -2.100    0.900   -1.500         5.713557
  -2.100    0.900   -0.900         6.477578
  -2.100    0.900   -0.300         6.946679
  -2.100    0.900    0.300         7.485844
  -2.100    0.900    0.900         9.043546
  -2.100    0.900    1.500        17.616498
  -2.100    0.900    2.100       104.579391
  -2.100    1.500   -2.100         3.277296
  -2.100    1.500   -1.500         4.471828
  -2.100    1.500   -0.900         5.366832
  -2.100    1.500   -0.300         6.002481
  -2.100    1.500    0.300         6.503715
  -2.100    1.500    0.900         7.049087
  -2.100    1.500    1.500         7.331526
  -2.100    1.500    2.100        -2.201738
  -2.100    2.100   -2.100         3.053590
  -2.100    2.100   -1.500         3.886651
  -2.100    2.100   -0.900         4.692251
  -2.100    2.100   -0.300         5.431563
  -2.100    2.100    0.300         6.107880
  -2.100    2.100    0.900         6.666482
  -2.100    2.100    1.500         6.063444
  -2.100    2.100    2.100         0.104978
  -1.500   -2.100   -2.100        16.153720
  -1.500   -2.100   -1.500        17.802777
  -1.500   -2.100   -0.900        24.725947
  -1.500   -2.100   -0.300        30.201707
  -1.500   -2.100    0.300        27.205223
  -1.500   -2.100    0.900        37.231596
  -1.500   -2.100    1.500        52.710738
  -1.500   -2.100    2.100        25.073358
  -1.500   -1.500   -2.100        16.799432
  -1.500   -1.500   -1.500        15.192341
  -1.500   -1.500   -0.900        15.613381
  -1.500   -1.500   -0.300        16.672452
  -1.500   -1.500    0.300        17.617599
  -1.500   -1.500    0.900        19.895502
  -1.500   -1.500    1.500        20.569512
  -1.500   -1.500    2.100        15.955355
  -1.500   -0.900   -2.100        17.779795
  -1.500   -0.900   -1.500        13.821454
  -1.500   -0.900   -0.900        12.172214
  -1.500   -0.900   -0.300        12.108602
  -1.500   -0.900    0.300        12.604948
  -1.500   -0.900    0.900        13.308710
  -1.500   -0.900    1.500        13.467685
  -1.500   -0.900    2.100        12.227062
  -1.500   -0.300   -2.100        15.437468
  -1.500   -0.300   -1.500        11.572526
  -1.500   -0.300   -0.900         9.829797
  -1.500   -0.300   -0.300         9.580580
  -1.500   -0.300    0.300         9.949676
  -1.500   -0.300    0.900        10.842140
  -1.500   -0.300    1.500        12.609675
  -1.500   -0.300    2.100        14.166096
  -1.500    0.300   -2.100         8.520793
  -1.500    0.300   -1.500         8.087342
  -1.500    0.300   -0.900         7.696534
  -1.500    0.300   -0.300         7.784689
  -1.500    0.300    0.300         8.293075
  -1.500    0.300    0.900         9.811514
  -1.500    0.300    1.500        15.718674
  -1.500    0.300    2.100        34.579434
  -1.500    0.900   -2.100         4.849797
  -1.500    0.900   -1.500         5.583904
  -1.500    0.900   -0.900         6.012749
  -1.500    0.900   -0.300         6.405027
  -1.500    0.900    0.300         6.955483
  -1.500    0.900    0.900         8.278533
  -1.500    0.900    1.500        13.657147
  -1.500    0.900    2.100        33.334329
  -1.500    1.500   -2.100         3.511207
  -1.500    1.500   -1.500         4.262624
  -1.500    1.500   -0.900         4.872280
  -1.500    1.500   -0.300         5.385059
  -1.500    1.500    0.300         5.864531
  -1.500    1.500    0.900         6.308969
  -1.500    1.500    1.500         5.916080
  -1.500    1.500    2.100        -5.123266
  -1.500    2.100   -2.100         2.905447
  -1.500    2.100   -1.500         3.502521
  -1.500    2.100   -0.900         4.081453
  -1.500    2.100   -0.300         4.664498
  -1.500    2.100    0.300         5.252699
  -1.500    2.100    0.900         5.651192
  -1.500    2.100    1.500         4.732378
  -1.500    2.100    2.100        -1.191465
  -0.900   -2.100   -2.100        20.404433
  -0.900   -2.100   -1.500        17.182529
  -0.900   -2.100   -0.900        20.181265
  -0.900   -2.100   -0.300        23.384181
  -0.900   -2.100    0.300        24.995623
  -0.900   -2.100    0.900        41.602779
  -0.900   -2.100    1.500        73.364506
  -0.900   -2.100    2.100        26.598368
  -0.900   -1.500   -2.100        22.523339
  -0.900   -1.500   -1.500        14.904045
  -0.900   -1.500   -0.900        14.394784
  -0.900   -1.500   -0.300        15.344900
  -0.900   -1.500    0.300        16.843027
  -0.900   -1.500    0.900        19.957502
  -0.900   -1.500    1.500        21.123312
  -0.900   -1.500    2.100        15.946444
  -0.900   -0.900   -2.100        15.594950
  -0.900   -0.900   -1.500        12.094496
  -0.900   -0.900   -0.900        11.141309
  -0.900   -0.900   -0.300        11.326963
  -0.900   -0.900    0.300        11.993663
  -0.900   -0.900    0.900        12.782197
  -0.900   -0.900    1.500        12.812073
  -0.900   -0.900    2.100        11.384078
  -0.900   -0.300   -2.100         9.947228
  -0.900   -0.300   -1.500         9.249479
  -0.900   -0.300   -0.900         8.785835
  -0.900   -0.300   -0.300         8.861376
  -0.900   -0.300    0.300         9.271566
  -0.900   -0.300    0.900         9.850650
  -0.900   -0.300    1.500        10.375937
  -0.900   -0.300    2.100        10.128087
  -0.900    0.300   -2.100         6.520620
  -0.900    0.300   -1.500         6.817784
  -0.900    0.300   -0.900         6.900962
  -0.900    0.300   -0.300         7.122512
  -0.900    0.300    0.300         7.535656
  -0.900    0.300    0.900         8.245087
  -0.900    0.300    1.500         9.459591
  -0.900    0.300    2.100         9.876083
  -0.900    0.900   -2.100         4.473414
  -0.900    0.900   -1.500         5.058998
  -0.900    0.900   -0.900         5.453614
  -0.900    0.900   -0.300         5.811396
  -0.900    0.900    0.300         6.211802
  -0.900    0.900    0.900         6.735328
  -0.900    0.900    1.500         7.292690
  -0.900    0.900    2.100         5.232355
  -0.900    1.500   -2.100         3.339016
  -0.900    1.500   -1.500         3.918447
  -0.900    1.500   -0.900         4.400375
  -0.900    1.500   -0.300         4.819416
  -0.900    1.500    0.300         5.175145
  -0.900    1.500    0.900         5.321005
  -0.900    1.500    1.500         4.477469
  -0.900    1.500    2.100        -0.413443
  -0.900    2.100   -2.100         2.640539
  -0.900    2.100   -1.500         3.129749
  -0.900    2.100   -0.900         3.593978
  -0.900    2.100   -0.300         4.058800
  -0.900    2.100    0.300         4.492393
  -0.900    2.100    0.900         4.685173
  -0.900    2.100    1.500         3.963167
  -0.900    2.100    2.100         1.056615
  -0.300   -2.100   -2.100        20.083299
  -0.300   -2.100   -1.500        14.517175
  -0.300   -2.100   -0.900        14.758023
  -0.300   -2.100   -0.300        16.320923
  -0.300   -2.100    0.300        18.407239
  -0.300   -2.100    0.900        22.713433
  -0.300   -2.100    1.500        24.407936
  -0.300   -2.100    2.100        17.201263
  -0.300   -1.500   -2.100        23.294669
  -0.300   -1.500   -1.500        13.100965
  -0.300   -1.500   -0.900        11.996558
  -0.300   -1.500   -0.300        12.663586
  -0.300   -1.500    0.300        13.972871
  -0.300   -1.500    0.900        15.680779
  -0.300   -1.500    1.500        15.875780
  -0.300   -1.500    2.100        13.089898
  -0.300   -0.900   -2.100        14.151757
  -0.300   -0.900   -1.500        10.370338
  -0.300   -0.900   -0.900         9.597825
  -0.300   -0.900   -0.300         9.882199
  -0.300   -0.900    0.300        10.564521
  -0.300   -0.900    0.900        11.218175
  -0.300   -0.900    1.500        11.170426
  -0.300   -0.900    2.100        10.009119
  -0.300   -0.300   -2.100         7.960182
  -0.300   -0.300   -1.500         7.686206
  -0.300   -0.300   -0.900         7.604791
  -0.300   -0.300   -0.300         7.851456
  -0.300   -0.300    0.300         8.278009
  -0.300   -0.300    0.900         8.666589
  -0.300   -0.300    1.500         8.717125
  -0.300   -0.300    2.100         8.162642
  -0.300    0.300   -2.100         5.272434
  -0.300    0.300   -1.500         5.753392
  -0.300    0.300   -0.900         6.034322
  -0.300    0.300   -0.300         6.338935
  -0.300    0.300    0.300         6.685496
  -0.300    0.300    0.900         6.990786
  -0.300    0.300    1.500         7.054484
  -0.300    0.300    2.100         6.523808
  -0.300    0.900   -2.100         3.867437
  -0.300    0.900   -1.500         4.432209
  -0.300    0.900   -0.900         4.840303
  -0.300    0.900   -0.300         5.186045
  -0.300    0.900    0.300         5.484916
  -0.300    0.900    0.900         5.657646
  -0.300    0.900    1.500         5.438226
  -0.300    0.900    2.100         4.320594
  -0.300    1.500   -2.100         2.988378
  -0.300    1.500   -1.500         3.505798
  -0.300    1.500   -0.900         3.935864
  -0.300    1.500   -0.300         4.298546
  -0.300    1.500    0.300         4.569546
  -0.300    1.500    0.900         4.620206
  -0.300    1.500    1.500         4.115347
  -0.300    1.500    2.100         2.585936
  -0.300    2.100   -2.100         2.331714
  -0.300    2.100   -1.500         2.786445
  -0.300    2.100   -0.900         3.203951
  -0.300    2.100   -0.300         3.592494
  -0.300    2.100    0.300         3.913688
  -0.300    2.100    0.900         4.032104
  -0.300    2.100    1.500         3.683621
  -0.300    2.100    2.100         2.662064
   0.300   -2.100   -2.100        12.421193
   0.300   -2.100   -1.500        10.719165
   0.300   -2.100   -0.900        10.765768
   0.300   -2.100   -0.300        11.854111
   0.300   -2.100    0.300        13.484568
   0.300   -2.100    0.900        15.042835
   0.300   -2.100    1.500        15.108496
   0.300   -2.100    2.100        13.032052
   0.300   -1.500   -2.100        12.310773
   0.300   -1.500   -1.500         9.643251
   0.300   -1.500   -0.900         9.257075
   0.300   -1.500   -0.300         9.955975
   0.300   -1.500    0.300        11.196224
   0.300   -1.500    0.900        12.412572
   0.300   -1.500    1.500        12.650098
   0.300   -1.500    2.100        11.272742
   0.300   -0.900   -2.100         8.837336
   0.300   -0.900   -1.500         7.856062
   0.300   -0.900   -0.900         7.695803
   0.300   -0.900   -0.300         8.170448
   0.300   -0.900    0.300         8.986757
   0.300   -0.900    0.900         9.754759
   0.300   -0.900    1.500         9.941002
   0.300   -0.900    2.100         9.176952
   0.300   -0.300   -2.100         5.799224
   0.300   -0.300   -1.500         6.074104
   0.300   -0.300   -0.900         6.285031
   0.300   -0.300   -0.300         6.687615
   0.300   -0.300    0.300         7.224409
   0.300   -0.300    0.900         7.689352
   0.300   -0.300    1.500         7.800403
   0.300   -0.300    2.100         7.376994
   0.300    0.300   -2.100         4.186529
   0.300    0.300   -1.500         4.746958
   0.300    0.300   -0.900         5.129421
   0.300    0.300   -0.300         5.506144
   0.300    0.300    0.300         5.886173
   0.300    0.300    0.900         6.165426
   0.300    0.300    1.500         6.182053
   0.300    0.300    2.100         5.849293
   0.300    0.900   -2.100         3.265935
   0.300    0.900   -1.500         3.806262
   0.300    0.900   -0.900         4.220855
   0.300    0.900   -0.300         4.573881
   0.300    0.900    0.300         4.863656
   0.300    0.900    0.900         5.015605
   0.300    0.900    1.500         4.905092
   0.300    0.900    2.100         4.478714
   0.300    1.500   -2.100         2.622701
   0.300    1.500   -1.500         3.100358
   0.300    1.500   -0.900         3.502076
   0.300    1.500   -0.300         3.838024
   0.300    1.500    0.300         4.086111
   0.300    1.500    0.900         4.173310
   0.300    1.500    1.500         3.988767
   0.300    1.500    2.100         3.495762
   0.300    2.100   -2.100         2.072236
   0.300    2.100   -1.500         2.509193
   0.300    2.100   -0.900         2.902452
   0.300    2.100   -0.300         3.245224
   0.300    2.100    0.300         3.508406
   0.300    2.100    0.900         3.625813
   0.300    2.100    1.500         3.513899
   0.300    2.100    2.100         3.163753
   0.900   -2.100   -2.100         7.117720
   0.900   -2.100   -1.500         7.021608
   0.900   -2.100   -0.900         7.213373
   0.900   -2.100   -0.300         8.516549
   0.900   -2.100    0.300        11.075080
   0.900   -2.100    0.900        13.768415
   0.900   -2.100    1.500        15.228543
   0.900   -2.100    2.100        14.037907
   0.900   -1.500   -2.100         6.223963
   0.900   -1.500   -1.500         6.214985
   0.900   -1.500   -0.900         6.344155
   0.900   -1.500   -0.300         7.353346
   0.900   -1.500    0.300         9.361876
   0.900   -1.500    0.900        11.691711
   0.900   -1.500    1.500        13.291773
   0.900   -1.500    2.100        12.675483
   0.900   -0.900   -2.100         5.064637
   0.900   -0.900   -1.500         5.346342
   0.900   -0.900   -0.900         5.586243
   0.900   -0.900   -0.300         6.322216
   0.900   -0.900    0.300         7.630031
   0.900   -0.900    0.900         9.125176
   0.900   -0.900    1.500        10.110186
   0.900   -0.900    2.100         9.763012
   0.900   -0.300   -2.100         4.003840
   0.900   -0.300   -1.500         4.505932
   0.900   -0.300   -0.900         4.877594
   0.900   -0.300   -0.300         5.437799
   0.900   -0.300    0.300         6.233198
   0.900   -0.300    0.900         7.053836
   0.900   -0.300    1.500         7.526444
   0.900   -0.300    2.100         7.316883
   0.900    0.300   -2.100         3.268195
   0.900    0.300   -1.500         3.799578
   0.900    0.300   -0.900         4.215504
   0.900    0.300   -0.300         4.661087
   0.900    0.300    0.300         5.155828
   0.900    0.300    0.900         5.590416
   0.900    0.300    1.500         5.787791
   0.900    0.300    2.100         5.630815
   0.900    0.900   -2.100         2.744940
   0.900    0.900   -1.500         3.225053
   0.900    0.900   -0.900         3.624798
   0.900    0.900   -0.300         3.992971
   0.900    0.900    0.300         4.326861
   0.900    0.900    0.900         4.563846
   0.900    0.900    1.500         4.616605
   0.900    0.900    2.100         4.449706
   0.900    1.500   -2.100         2.313469
   0.900    1.500   -1.500         2.740784
   0.900    1.500   -0.900         3.112538
   0.900    1.500   -0.300         3.434705
   0.900    1.500    0.300         3.691738
   0.900    1.500    0.900         3.840538
   0.900    1.500    1.500         3.831461
   0.900    1.500    2.100         3.655571
   0.900    2.100   -2.100         1.902513
   0.900    2.100   -1.500         2.306859
   0.900    2.100   -0.900         2.669226
   0.900    2.100   -0.300         2.977587
   0.900    2.100    0.300         3.213015
   0.900    2.100    0.900         3.345361
   0.900    2.100    1.500         3.346484
   0.900    2.100    2.100         3.218391
   1.500   -2.100   -2.100         4.089198
   1.500   -2.100   -1.500         3.384936
   1.500   -2.100   -0.900         2.501758
   1.500   -2.100   -0.300         4.237098
   1.500   -2.100    0.300        11.408331
   1.500   -2.100    0.900        19.249554
   1.500   -2.100    1.500        26.146791
   1.500   -2.100    2.100        27.960944
   1.500   -1.500   -2.100         3.432953
   1.500   -1.500   -1.500         3.040769
   1.500   -1.500   -0.900         2.451048
   1.500   -1.500   -0.300         3.555876
   1.500   -1.500    0.300         7.867672
   1.500   -1.500    0.900        13.818346
   1.500   -1.500    1.500        20.884575
   1.500   -1.500    2.100        23.151511
   1.500   -0.900   -2.100         3.064497
   1.500   -0.900   -1.500         3.101445
   1.500   -0.900   -0.900         3.070706
   1.500   -0.900   -0.300         3.911461
   1.500   -0.900    0.300         6.189266
   1.500   -0.900    0.900         9.332718
   1.500   -0.900    1.500        12.280499
   1.500   -0.900    2.100        12.682764
   1.500   -0.300   -2.100         2.808031
   1.500   -0.300   -1.500         3.107788
   1.500   -0.300   -0.900         3.382483
   1.500   -0.300   -0.300         4.025589
   1.500   -0.300    0.300         5.204564
   1.500   -0.300    0.900         6.641278
   1.500   -0.300    1.500         7.737144
   1.500   -0.300    2.100         7.791719
   1.500    0.300   -2.100         2.575984
   1.500    0.300   -1.500         2.960320
   1.500    0.300   -0.900         3.321091
   1.500    0.300   -0.300         3.804476
   1.500    0.300    0.300         4.447898
   1.500    0.300    0.900         5.114538
   1.500    0.300    1.500         5.552135
   1.500    0.300    2.100         5.547438
   1.500    0.900   -2.100         2.335626
   1.500    0.900   -1.500         2.718123
   1.500    0.900   -0.900         3.073788
   1.500    0.900   -0.300         3.447431
   1.500    0.900    0.300         3.837637
   1.500    0.900    0.900         4.177165
   1.500    0.900    1.500         4.364513
   1.500    0.900    2.100         4.332423
   1.500    1.500   -2.100         2.078779
   1.500    1.500   -1.500         2.439996
   1.500    1.500   -0.900         2.771572
   1.500    1.500   -0.300         3.079270
   1.500    1.500    0.300         3.351284
   1.500    1.500    0.900         3.552755
   1.500    1.500    1.500         3.641785
   1.500    1.500    2.100         3.598028
   1.500    2.100   -2.100         1.808112
   1.500    2.100   -1.500         2.161768
   1.500    2.100   -0.900         2.481338
   1.500    2.100   -0.300         2.756812
   1.500    2.100    0.300         2.976111
   1.500    2.100    0.900         3.122595
   1.500    2.100    1.500         3.181346
   1.500    2.100    2.100         3.150159
   2.100   -2.100   -2.100         1.856394
   2.100   -2.100   -1.500        -1.157470
   2.100   -2.100   -0.900        -8.709314
   2.100   -2.100   -0.300       -13.655194
   2.100   -2.100    0.300        13.834705
   2.100   -2.100    0.900        39.510534
   2.100   -2.100    1.500        67.611352
   2.100   -2.100    2.100       222.283850
   2.100   -1.500   -2.100         1.580832
   2.100   -1.500   -1.500        -0.567538
   2.100   -1.500   -0.900        -5.014820
   2.100   -1.500   -0.300        -7.052345
   2.100   -1.500    0.300         3.158546
   2.100   -1.500    0.900        16.855565
   2.100   -1.500    1.500        41.328362
   2.100   -1.500    2.100        73.085189
   2.100   -0.900   -2.100         1.770309
   2.100   -0.900   -1.500         0.925072
   2.100   -0.900   -0.900        -0.291942
   2.100   -0.900   -0.300        -0.017738
   2.100   -0.900    0.300         3.657875
   2.100   -0.900    0.900         9.199309
   2.100   -0.900    1.500        15.107691
   2.100   -0.900    2.100        16.882782
   2.100   -0.300   -2.100         1.993835
   2.100   -0.300   -1.500         1.887425
   2.100   -0.300   -0.900         1.819950
   2.100   -0.300   -0.300         2.378363
   2.100   -0.300    0.300         3.932952
   2.100   -0.300    0.900         6.036479
   2.100   -0.300    1.500         7.785035
   2.100   -0.300    2.100         8.098306
   2.100    0.300   -2.100         2.080515
   2.100    0.300   -1.500         2.262287
   2.100    0.300   -0.900         2.497595
   2.100    0.300   -0.300         2.962774
   2.100    0.300    0.300         3.721441
   2.100    0.300    0.900         4.593487
   2.100    0.300    1.500         5.238371
   2.100    0.300    2.100         5.361176
   2.100    0.900   -2.100         2.036474
   2.100    0.900   -1.500         2.305743
   2.100    0.900   -0.900         2.596058
   2.100    0.900   -0.300         2.954786
   2.100    0.900    0.300         3.381721
   2.100    0.900    0.900         3.798203
   2.100    0.900    1.500         4.080759
   2.100    0.900    2.100         4.139941
   2.100    1.500   -2.100         1.911139
   2.100    1.500   -1.500         2.200091
   2.100    1.500   -0.900         2.484847
   2.100    1.500   -0.300         2.771900
   2.100    1.500    0.300         3.050419
   2.100    1.500    0.900         3.285383
   2.100    1.500    1.500         3.432264
   2.100    1.500    2.100         3.465219
   2.100    2.100   -2.100         1.753523
   2.100    2.100   -1.500         2.050094
   2.100    2.100   -0.900         2.323617
   2.100    2.100   -0.300         2.567674
   2.100    2.100    0.300         2.773856
   2.100    2.100    0.900         2.929416
   2.100    2.100    1.500         3.022087
   2.100    2.100    2.100         3.050225
