-2.1 -2.1  -2.1   0.026684907870
-2.1 -2.1  -1.5   0.001174269371
-2.1 -2.1  -0.9   0.026684907870
-2.1 -2.1  -0.3   0.026684907870
-2.1 -2.1   0.3   0.026684907870
-2.1 -2.1   0.9   0.026684907870
-2.1 -2.1   1.5   0.026684907870
-2.1 -2.1   2.1   0.026684907870
-2.1 -1.5  -2.1  -0.026684907870
-2.1 -1.5  -1.5  -0.026684907870
-2.1 -1.5  -0.9  -0.026684907870
-2.1 -1.5  -0.3  -0.026684907870
-2.1 -1.5   0.3   0.002115179222
-2.1 -1.5   0.9   0.026684907870
-2.1 -1.5   1.5   0.026684907870
-2.1 -1.5   2.1   0.026684907870
-2.1 -0.9  -2.1  -0.026684907870
-2.1 -0.9  -1.5  -0.026684907870
-2.1 -0.9  -0.9  -0.026684907870
-2.1 -0.9  -0.3  -0.026684907870
-2.1 -0.9   0.3  -0.026684907870
-2.1 -0.9   0.9   0.016093374402
-2.1 -0.9   1.5   0.026684907870
-2.1 -0.9   2.1   0.015413202785
-2.1 -0.3  -2.1   0.017188656446
-2.1 -0.3  -1.5   0.026684907870
-2.1 -0.3  -0.9   0.026684907870
-2.1 -0.3  -0.3   0.026684907870
-2.1 -0.3   0.3  -0.023827861524
-2.1 -0.3   0.9   0.001837816290
-2.1 -0.3   1.5   0.008662828381
-2.1 -0.3   2.1  -0.000974959794
-2.1  0.3  -2.1  -0.026684907870
-2.1  0.3  -1.5  -0.026684907870
-2.1  0.3  -0.9  -0.026684907870
-2.1  0.3  -0.3  -0.026684907870
-2.1  0.3   0.3  -0.026684907870
-2.1  0.3   0.9  -0.014862693136
-2.1  0.3   1.5  -0.005033760966
-2.1  0.3   2.1  -0.016326627182
-2.1  0.9  -2.1  -0.026684907870
-2.1  0.9  -1.5  -0.026684907870
-2.1  0.9  -0.9  -0.026684907870
-2.1  0.9  -0.3  -0.026684907870
-2.1  0.9   0.3  -0.026684907870
-2.1  0.9   0.9  -0.021693629277
-2.1  0.9   1.5  -0.004674528736
-2.1  0.9   2.1  -0.021076007084
-2.1  1.5  -2.1  -0.026684907870
-2.1  1.5  -1.5  -0.026684907870
-2.1  1.5  -0.9  -0.026684907870
-2.1  1.5  -0.3  -0.026684907870
-2.1  1.5   0.3  -0.026684907870
-2.1  1.5   0.9   0.007935104259
-2.1  1.5   1.5   0.026684907870
-2.1  1.5   2.1   0.015474951662
-2.1  2.1  -2.1  -0.026684907870
-2.1  2.1  -1.5  -0.026684907870
-2.1  2.1  -0.9  -0.026684907870
-2.1  2.1  -0.3  -0.026684907870
-2.1  2.1   0.3   0.007140320963
-2.1  2.1   0.9   0.026684907870
-2.1  2.1   1.5   0.026684907870
-2.1  2.1   2.1   0.026684907870
-1.5 -2.1  -2.1   0.002169056051
-1.5 -2.1  -1.5  -0.026684907870
-1.5 -2.1  -0.9   0.026684907870
-1.5 -2.1  -0.3   0.026684907870
-1.5 -2.1   0.3   0.026684907870
-1.5 -2.1   0.9   0.026684907870
-1.5 -2.1   1.5   0.026684907870
-1.5 -2.1   2.1   0.026684907870
-1.5 -1.5  -2.1  -0.026684907870
-1.5 -1.5  -1.5  -0.026684907870
-1.5 -1.5  -0.9  -0.026684907870
-1.5 -1.5  -0.3  -0.026684907870
-1.5 -1.5   0.3  -0.026684907870
-1.5 -1.5   0.9   0.026684907870
-1.5 -1.5   1.5   0.026684907870
-1.5 -1.5   2.1   0.026684907870
-1.5 -0.9  -2.1  -0.026684907870
-1.5 -0.9  -1.5  -0.026684907870
-1.5 -0.9  -0.9  -0.026684907870
-1.5 -0.9  -0.3  -0.026684907870
-1.5 -0.9   0.3  -0.026684907870
-1.5 -0.9   0.9   0.006322855495
-1.5 -0.9   1.5   0.026684907870
-1.5 -0.9   2.1   0.020166692164
-1.5 -0.3  -2.1  -0.026684907870
-1.5 -0.3  -1.5  -0.026684907870
-1.5 -0.3  -0.9  -0.026684907870
-1.5 -0.3  -0.3  -0.026684907870
-1.5 -0.3   0.3  -0.026684907870
-1.5 -0.3   0.9  -0.006169177111
-1.5 -0.3   1.5   0.008356138735
-1.5 -0.3   2.1  -0.002443830548
-1.5  0.3  -2.1  -0.026684907870
-1.5  0.3  -1.5  -0.026684907870
-1.5  0.3  -0.9  -0.026684907870
-1.5  0.3  -0.3  -0.026684907870
-1.5  0.3   0.3  -0.026684907870
-1.5  0.3   0.9  -0.014060144532
-1.5  0.3   1.5  -0.005883515172
-1.5  0.3   2.1  -0.026684907870
-1.5  0.9  -2.1  -0.026684907870
-1.5  0.9  -1.5  -0.026684907870
-1.5  0.9  -0.9  -0.026684907870
-1.5  0.9  -0.3  -0.026684907870
-1.5  0.9   0.3  -0.026684907870
-1.5  0.9   0.9  -0.014548985359
-1.5  0.9   1.5  -0.009275193647
-1.5  0.9   2.1  -0.026684907870
-1.5  1.5  -2.1  -0.026684907870
-1.5  1.5  -1.5  -0.026684907870
-1.5  1.5  -0.9  -0.026684907870
-1.5  1.5  -0.3  -0.026684907870
-1.5  1.5   0.3  -0.026684907870
-1.5  1.5   0.9   0.007804828539
-1.5  1.5   1.5   0.014235544431
-1.5  1.5   2.1  -0.026684907870
-1.5  2.1  -2.1  -0.026684907870
-1.5  2.1  -1.5  -0.026684907870
-1.5  2.1  -0.9  -0.026684907870
-1.5  2.1  -0.3  -0.026684907870
-1.5  2.1   0.3  -0.000961510600
-1.5  2.1   0.9   0.026684907870
-1.5  2.1   1.5   0.026684907870
-1.5  2.1   2.1   0.026684907870
-0.9 -2.1  -2.1   0.026684907870
-0.9 -2.1  -1.5   0.005742778968
-0.9 -2.1  -0.9   0.026684907870
-0.9 -2.1  -0.3   0.026684907870
-0.9 -2.1   0.3   0.026684907870
-0.9 -2.1   0.9   0.026684907870
-0.9 -2.1   1.5   0.026684907870
-0.9 -2.1   2.1   0.026684907870
-0.9 -1.5  -2.1  -0.003753392401
-0.9 -1.5  -1.5  -0.026684907870
-0.9 -1.5  -0.9  -0.026684907870
-0.9 -1.5  -0.3  -0.026684907870
-0.9 -1.5   0.3   0.026684907870
-0.9 -1.5   0.9   0.026684907870
-0.9 -1.5   1.5   0.026684907870
-0.9 -1.5   2.1   0.026684907870
-0.9 -0.9  -2.1   0.014669441033
-0.9 -0.9  -1.5   0.026684907870
-0.9 -0.9  -0.9   0.026684907870
-0.9 -0.9  -0.3   0.026684907870
-0.9 -0.9   0.3  -0.008693115752
-0.9 -0.9   0.9   0.026684907870
-0.9 -0.9   1.5   0.026684907870
-0.9 -0.9   2.1   0.026684907870
-0.9 -0.3  -2.1   0.001406267960
-0.9 -0.3  -1.5   0.026684907870
-0.9 -0.3  -0.9   0.026684907870
-0.9 -0.3  -0.3   0.026684907870
-0.9 -0.3   0.3  -0.004986155090
-0.9 -0.3   0.9   0.016244277556
-0.9 -0.3   1.5   0.023549831469
-0.9 -0.3   2.1   0.008299113087
-0.9  0.3  -2.1  -0.026684907870
-0.9  0.3  -1.5  -0.026684907870
-0.9  0.3  -0.9  -0.026684907870
-0.9  0.3  -0.3  -0.026684907870
-0.9  0.3   0.3  -0.016269868383
-0.9  0.3   0.9   0.007110780770
-0.9  0.3   1.5   0.011093289790
-0.9  0.3   2.1  -0.025741382897
-0.9  0.9  -2.1  -0.026684907870
-0.9  0.9  -1.5  -0.026684907870
-0.9  0.9  -0.9  -0.026684907870
-0.9  0.9  -0.3  -0.026684907870
-0.9  0.9   0.3  -0.025138384034
-0.9  0.9   0.9   0.009194711965
-0.9  0.9   1.5   0.015875412075
-0.9  0.9   2.1  -0.026684907870
-0.9  1.5  -2.1  -0.026684907870
-0.9  1.5  -1.5  -0.026684907870
-0.9  1.5  -0.9  -0.026684907870
-0.9  1.5  -0.3  -0.026684907870
-0.9  1.5   0.3  -0.015152491236
-0.9  1.5   0.9   0.024113736942
-0.9  1.5   1.5   0.026684907870
-0.9  1.5   2.1  -0.026684907870
-0.9  2.1  -2.1  -0.026684907870
-0.9  2.1  -1.5  -0.026684907870
-0.9  2.1  -0.9  -0.026684907870
-0.9  2.1  -0.3  -0.026684907870
-0.9  2.1   0.3   0.007907965708
-0.9  2.1   0.9   0.026684907870
-0.9  2.1   1.5   0.026684907870
-0.9  2.1   2.1  -0.026684907870
-0.3 -2.1  -2.1   0.026684907870
-0.3 -2.1  -1.5   0.026684907870
-0.3 -2.1  -0.9   0.026684907870
-0.3 -2.1  -0.3   0.026684907870
-0.3 -2.1   0.3   0.026684907870
-0.3 -2.1   0.9   0.026684907870
-0.3 -2.1   1.5   0.026684907870
-0.3 -2.1   2.1   0.026684907870
-0.3 -1.5  -2.1   0.026684907870
-0.3 -1.5  -1.5   0.026684907870
-0.3 -1.5  -0.9   0.026684907870
-0.3 -1.5  -0.3   0.026684907870
-0.3 -1.5   0.3   0.026684907870
-0.3 -1.5   0.9   0.026684907870
-0.3 -1.5   1.5   0.026684907870
-0.3 -1.5   2.1   0.026684907870
-0.3 -0.9  -2.1   0.026684907870
-0.3 -0.9  -1.5   0.026684907870
-0.3 -0.9  -0.9   0.026684907870
-0.3 -0.9  -0.3   0.026684907870
-0.3 -0.9   0.3   0.026684907870
-0.3 -0.9   0.9   0.026684907870
-0.3 -0.9   1.5   0.026684907870
-0.3 -0.9   2.1   0.026684907870
-0.3 -0.3  -2.1   0.026684907870
-0.3 -0.3  -1.5   0.026684907870
-0.3 -0.3  -0.9   0.026684907870
-0.3 -0.3  -0.3   0.026684907870
-0.3 -0.3   0.3   0.026684907870
-0.3 -0.3   0.9   0.026684907870
-0.3 -0.3   1.5   0.026684907870
-0.3 -0.3   2.1   0.026684907870
-0.3  0.3  -2.1   0.003453774256
-0.3  0.3  -1.5   0.026684907870
-0.3  0.3  -0.9   0.026684907870
-0.3  0.3  -0.3   0.026684907870
-0.3  0.3   0.3   0.023588150996
-0.3  0.3   0.9   0.026684907870
-0.3  0.3   1.5   0.026684907870
-0.3  0.3   2.1   0.026684907870
-0.3  0.9  -2.1  -0.026395083085
-0.3  0.9  -1.5  -0.026684907870
-0.3  0.9  -0.9  -0.024456664693
-0.3  0.9  -0.3  -0.010127109331
-0.3  0.9   0.3   0.011485531251
-0.3  0.9   0.9   0.026684907870
-0.3  0.9   1.5   0.026684907870
-0.3  0.9   2.1   0.026684907870
-0.3  1.5  -2.1  -0.026684907870
-0.3  1.5  -1.5  -0.026684907870
-0.3  1.5  -0.9  -0.026684907870
-0.3  1.5  -0.3  -0.016239527643
-0.3  1.5   0.3   0.013244440268
-0.3  1.5   0.9   0.026684907870
-0.3  1.5   1.5   0.026684907870
-0.3  1.5   2.1   0.026684907870
-0.3  2.1  -2.1  -0.026684907870
-0.3  2.1  -1.5  -0.026684907870
-0.3  2.1  -0.9  -0.026684907870
-0.3  2.1  -0.3  -0.009334727677
-0.3  2.1   0.3   0.020319036303
-0.3  2.1   0.9   0.026684907870
-0.3  2.1   1.5   0.026684907870
-0.3  2.1   2.1   0.026684907870
 0.3 -2.1  -2.1   0.026684907870
 0.3 -2.1  -1.5   0.026684907870
 0.3 -2.1  -0.9  -0.026684907870
 0.3 -2.1  -0.3  -0.026684907870
 0.3 -2.1   0.3   0.026684907870
 0.3 -2.1   0.9   0.026684907870
 0.3 -2.1   1.5   0.026684907870
 0.3 -2.1   2.1   0.026684907870
 0.3 -1.5  -2.1   0.026684907870
 0.3 -1.5  -1.5   0.026684907870
 0.3 -1.5  -0.9   0.026684907870
 0.3 -1.5  -0.3   0.026684907870
 0.3 -1.5   0.3   0.026684907870
 0.3 -1.5   0.9   0.026684907870
 0.3 -1.5   1.5   0.026684907870
 0.3 -1.5   2.1   0.026684907870
 0.3 -0.9  -2.1   0.026684907870
 0.3 -0.9  -1.5   0.026684907870
 0.3 -0.9  -0.9   0.026684907870
 0.3 -0.9  -0.3   0.026684907870
 0.3 -0.9   0.3   0.026684907870
 0.3 -0.9   0.9   0.026684907870
 0.3 -0.9   1.5   0.026684907870
 0.3 -0.9   2.1   0.026684907870
 0.3 -0.3  -2.1   0.026684907870
 0.3 -0.3  -1.5   0.026684907870
 0.3 -0.3  -0.9   0.026684907870
 0.3 -0.3  -0.3   0.026684907870
 0.3 -0.3   0.3   0.026684907870
 0.3 -0.3   0.9   0.026684907870
 0.3 -0.3   1.5   0.026684907870
 0.3 -0.3   2.1   0.026684907870
 0.3  0.3  -2.1   0.016502107136
 0.3  0.3  -1.5   0.026684907870
 0.3  0.3  -0.9   0.026684907870
 0.3  0.3  -0.3   0.026684907870
 0.3  0.3   0.3   0.026684907870
 0.3  0.3   0.9   0.026684907870
 0.3  0.3   1.5   0.026684907870
 0.3  0.3   2.1   0.026684907870
 0.3  0.9  -2.1  -0.003700102640
 0.3  0.9  -1.5  -0.000387811766
 0.3  0.9  -0.9   0.005333992864
 0.3  0.9  -0.3   0.013193311985
 0.3  0.9   0.3   0.026684907870
 0.3  0.9   0.9   0.026684907870
 0.3  0.9   1.5   0.026684907870
 0.3  0.9   2.1   0.026684907870
 0.3  1.5  -2.1  -0.013505365297
 0.3  1.5  -1.5  -0.012695585083
 0.3  1.5  -0.9  -0.006518349130
 0.3  1.5  -0.3   0.006108122042
 0.3  1.5   0.3   0.026684907870
 0.3  1.5   0.9   0.026684907870
 0.3  1.5   1.5   0.026684907870
 0.3  1.5   2.1   0.026684907870
 0.3  2.1  -2.1  -0.019109462799
 0.3  2.1  -1.5  -0.016703391396
 0.3  2.1  -0.9  -0.008445533177
 0.3  2.1  -0.3   0.006187643067
 0.3  2.1   0.3   0.026684907870
 0.3  2.1   0.9   0.026684907870
 0.3  2.1   1.5   0.026684907870
 0.3  2.1   2.1   0.026684907870
 0.9 -2.1  -2.1   0.026684907870
 0.9 -2.1  -1.5  -0.026684907870
 0.9 -2.1  -0.9  -0.026684907870
 0.9 -2.1  -0.3  -0.026684907870
 0.9 -2.1   0.3  -0.007374134126
 0.9 -2.1   0.9   0.026684907870
 0.9 -2.1   1.5   0.026684907870
 0.9 -2.1   2.1   0.026684907870
 0.9 -1.5  -2.1   0.026684907870
 0.9 -1.5  -1.5  -0.014556537188
 0.9 -1.5  -0.9  -0.026684907870
 0.9 -1.5  -0.3  -0.026684907870
 0.9 -1.5   0.3   0.026684907870
 0.9 -1.5   0.9   0.026684907870
 0.9 -1.5   1.5   0.026684907870
 0.9 -1.5   2.1   0.026684907870
 0.9 -0.9  -2.1   0.026684907870
 0.9 -0.9  -1.5   0.026684907870
 0.9 -0.9  -0.9   0.018210688417
 0.9 -0.9  -0.3   0.011353601066
 0.9 -0.9   0.3   0.026684907870
 0.9 -0.9   0.9   0.026684907870
 0.9 -0.9   1.5   0.026684907870
 0.9 -0.9   2.1   0.026684907870
 0.9 -0.3  -2.1   0.025124507882
 0.9 -0.3  -1.5   0.026684907870
 0.9 -0.3  -0.9   0.026684907870
 0.9 -0.3  -0.3   0.026684907870
 0.9 -0.3   0.3   0.026684907870
 0.9 -0.3   0.9   0.026684907870
 0.9 -0.3   1.5   0.026684907870
 0.9 -0.3   2.1   0.026684907870
 0.9  0.3  -2.1   0.013979396001
 0.9  0.3  -1.5   0.018899772793
 0.9  0.3  -0.9   0.021976222451
 0.9  0.3  -0.3   0.022526491937
 0.9  0.3   0.3   0.026684907870
 0.9  0.3   0.9   0.026684907870
 0.9  0.3   1.5   0.026684907870
 0.9  0.3   2.1   0.026684907870
 0.9  0.9  -2.1   0.003943308891
 0.9  0.9  -1.5   0.006340654329
 0.9  0.9  -0.9   0.009989975589
 0.9  0.9  -0.3   0.015528988601
 0.9  0.9   0.3   0.026668950295
 0.9  0.9   0.9   0.026684907870
 0.9  0.9   1.5   0.026684907870
 0.9  0.9   2.1   0.026684907870
 0.9  1.5  -2.1  -0.002971764765
 0.9  1.5  -1.5  -0.000742480877
 0.9  1.5  -0.9   0.004262807293
 0.9  1.5  -0.3   0.012997631555
 0.9  1.5   0.3   0.026684907870
 0.9  1.5   0.9   0.026684907870
 0.9  1.5   1.5   0.026684907870
 0.9  1.5   2.1   0.026684907870
 0.9  2.1  -2.1  -0.008707819136
 0.9  2.1  -1.5  -0.004591351878
 0.9  2.1  -0.9   0.002517107305
 0.9  2.1  -0.3   0.012999045855
 0.9  2.1   0.3   0.026684907870
 0.9  2.1   0.9   0.026684907870
 0.9  2.1   1.5   0.026684907870
 0.9  2.1   2.1   0.026684907870
 1.5 -2.1  -2.1   0.008381516083
 1.5 -2.1  -1.5  -0.026684907870
 1.5 -2.1  -0.9  -0.026684907870
 1.5 -2.1  -0.3  -0.026684907870
 1.5 -2.1   0.3  -0.026684907870
 1.5 -2.1   0.9   0.026684907870
 1.5 -2.1   1.5   0.026684907870
 1.5 -2.1   2.1   0.026684907870
 1.5 -1.5  -2.1  -0.002392568840
 1.5 -1.5  -1.5  -0.026684907870
 1.5 -1.5  -0.9  -0.026684907870
 1.5 -1.5  -0.3  -0.026684907870
 1.5 -1.5   0.3  -0.026684907870
 1.5 -1.5   0.9   0.026684907870
 1.5 -1.5   1.5   0.026684907870
 1.5 -1.5   2.1  -0.026684907870
 1.5 -0.9  -2.1   0.007183363719
 1.5 -0.9  -1.5  -0.016074268008
 1.5 -0.9  -0.9  -0.026684907870
 1.5 -0.9  -0.3  -0.026684907870
 1.5 -0.9   0.3  -0.006003196984
 1.5 -0.9   0.9   0.026684907870
 1.5 -0.9   1.5   0.026684907870
 1.5 -0.9   2.1  -0.026684907870
 1.5 -0.3  -2.1   0.011895678285
 1.5 -0.3  -1.5   0.005466616856
 1.5 -0.3  -0.9  -0.001294378141
 1.5 -0.3  -0.3  -0.003606892257
 1.5 -0.3   0.3   0.001173095235
 1.5 -0.3   0.9   0.007522075255
 1.5 -0.3   1.5   0.007973824060
 1.5 -0.3   2.1   0.003198292948
 1.5  0.3  -2.1   0.010466808208
 1.5  0.3  -1.5   0.008730074349
 1.5  0.3  -0.9   0.007032273771
 1.5  0.3  -0.3   0.006207816857
 1.5  0.3   0.3   0.007730911344
 1.5  0.3   0.9   0.012330375434
 1.5  0.3   1.5   0.020689529564
 1.5  0.3   2.1   0.026684907870
 1.5  0.9  -2.1   0.006650572849
 1.5  0.9  -1.5   0.006628397690
 1.5  0.9  -0.9   0.007491307556
 1.5  0.9  -0.3   0.009773294137
 1.5  0.9   0.3   0.015143044778
 1.5  0.9   0.9   0.026684907870
 1.5  0.9   1.5   0.026684907870
 1.5  0.9   2.1   0.026684907870
 1.5  1.5  -2.1   0.002797725796
 1.5  1.5  -1.5   0.004228944144
 1.5  1.5  -0.9   0.007179921366
 1.5  1.5  -0.3   0.012200473303
 1.5  1.5   0.3   0.021059622551
 1.5  1.5   0.9   0.026684907870
 1.5  1.5   1.5   0.026684907870
 1.5  1.5   2.1   0.026684907870
 1.5  2.1  -2.1  -0.000803055617
 1.5  2.1  -1.5   0.002656322469
 1.5  2.1  -0.9   0.007650296237
 1.5  2.1  -0.3   0.014353651834
 1.5  2.1   0.3   0.024070614131
 1.5  2.1   0.9   0.026684907870
 1.5  2.1   1.5   0.026684907870
 1.5  2.1   2.1   0.026684907870
 2.1 -2.1  -2.1  -0.026539902080
 2.1 -2.1  -1.5  -0.026684907870
 2.1 -2.1  -0.9  -0.026684907870
 2.1 -2.1  -0.3  -0.026684907870
 2.1 -2.1   0.3  -0.026684907870
 2.1 -2.1   0.9   0.026684907870
 2.1 -2.1   1.5   0.026684907870
 2.1 -2.1   2.1  -0.026684907870
 2.1 -1.5  -2.1  -0.012280928300
 2.1 -1.5  -1.5  -0.026684907870
 2.1 -1.5  -0.9  -0.026684907870
 2.1 -1.5  -0.3  -0.026684907870
 2.1 -1.5   0.3  -0.026684907870
 2.1 -1.5   0.9  -0.006254301967
 2.1 -1.5   1.5  -0.026684907870
 2.1 -1.5   2.1  -0.026684907870
 2.1 -0.9  -2.1   0.001958618868
 2.1 -0.9  -1.5  -0.023600692903
 2.1 -0.9  -0.9  -0.026684907870
 2.1 -0.9  -0.3  -0.026684907870
 2.1 -0.9   0.3  -0.026684907870
 2.1 -0.9   0.9  -0.026684907870
 2.1 -0.9   1.5  -0.026684907870
 2.1 -0.9   2.1  -0.026684907870
 2.1 -0.3  -2.1   0.008891598097
 2.1 -0.3  -1.5  -0.002724555778
 2.1 -0.3  -0.9  -0.014008482550
 2.1 -0.3  -0.3  -0.023167089835
 2.1 -0.3   0.3  -0.026684907870
 2.1 -0.3   0.9  -0.026684907870
 2.1 -0.3   1.5  -0.026684907870
 2.1 -0.3   2.1  -0.026684907870
 2.1  0.3  -2.1   0.010284043274
 2.1  0.3  -1.5   0.004491363528
 2.1  0.3  -0.9  -0.001141553674
 2.1  0.3  -0.3  -0.007241723613
 2.1  0.3   0.3  -0.015429133675
 2.1  0.3   0.9  -0.026632578765
 2.1  0.3   1.5  -0.026684907870
 2.1  0.3   2.1  -0.014168191724
 2.1  0.9  -2.1   0.008797667221
 2.1  0.9  -1.5   0.006333182555
 2.1  0.9  -0.9   0.004326370743
 2.1  0.9  -0.3   0.002409647181
 2.1  0.9   0.3   0.000661011853
 2.1  0.9   0.9   0.000548881870
 2.1  0.9   1.5   0.005987853162
 2.1  0.9   2.1   0.020275753382
 2.1  1.5  -2.1   0.006608917708
 2.1  1.5  -1.5   0.006611879732
 2.1  1.5  -0.9   0.007334987366
 2.1  1.5  -0.3   0.008790915939
 2.1  1.5   0.3   0.011614045767
 2.1  1.5   0.9   0.017280772748
 2.1  1.5   1.5   0.026684907870
 2.1  1.5   2.1   0.026684907870
 2.1  2.1  -2.1   0.004898121579
 2.1  2.1  -1.5   0.007005615548
 2.1  2.1  -0.9   0.009799098443
 2.1  2.1  -0.3   0.013272432737
 2.1  2.1   0.3   0.018015648425
 2.1  2.1   0.9   0.024927573262
 2.1  2.1   1.5   0.026684907870
 2.1  2.1   2.1   0.026684907870
-2.1 -2.1  -2.1   0.026684907870
-2.1 -2.1  -1.5   0.026684907870
-2.1 -2.1  -0.9   0.026684907870
-2.1 -2.1  -0.3   0.026684907870
-2.1 -2.1   0.3   0.026684907870
-2.1 -2.1   0.9   0.026684907870
-2.1 -2.1   1.5   0.026684907870
-2.1 -2.1   2.1   0.026684907870
-2.1 -1.5  -2.1   0.026684907870
-2.1 -1.5  -1.5   0.026684907870
-2.1 -1.5  -0.9   0.026684907870
-2.1 -1.5  -0.3   0.026684907870
-2.1 -1.5   0.3   0.026684907870
-2.1 -1.5   0.9   0.026684907870
-2.1 -1.5   1.5   0.026684907870
-2.1 -1.5   2.1   0.026684907870
-2.1 -0.9  -2.1   0.026684907870
-2.1 -0.9  -1.5   0.026684907870
-2.1 -0.9  -0.9   0.026684907870
-2.1 -0.9  -0.3   0.026684907870
-2.1 -0.9   0.3   0.026684907870
-2.1 -0.9   0.9   0.026684907870
-2.1 -0.9   1.5   0.026684907870
-2.1 -0.9   2.1   0.026684907870
-2.1 -0.3  -2.1   0.026684907870
-2.1 -0.3  -1.5   0.026684907870
-2.1 -0.3  -0.9   0.026684907870
-2.1 -0.3  -0.3   0.026684907870
-2.1 -0.3   0.3   0.026684907870
-2.1 -0.3   0.9   0.026684907870
-2.1 -0.3   1.5   0.026684907870
-2.1 -0.3   2.1   0.026684907870
-2.1  0.3  -2.1   0.026684907870
-2.1  0.3  -1.5   0.026684907870
-2.1  0.3  -0.9   0.026684907870
-2.1  0.3  -0.3   0.026684907870
-2.1  0.3   0.3   0.026684907870
-2.1  0.3   0.9   0.026684907870
-2.1  0.3   1.5   0.026684907870
-2.1  0.3   2.1   0.026684907870
-2.1  0.9  -2.1   0.026684907870
-2.1  0.9  -1.5   0.026684907870
-2.1  0.9  -0.9   0.026684907870
-2.1  0.9  -0.3   0.026684907870
-2.1  0.9   0.3   0.026684907870
-2.1  0.9   0.9   0.026684907870
-2.1  0.9   1.5   0.026684907870
-2.1  0.9   2.1   0.026684907870
-2.1  1.5  -2.1   0.026684907870
-2.1  1.5  -1.5   0.026684907870
-2.1  1.5  -0.9   0.026684907870
-2.1  1.5  -0.3   0.026684907870
-2.1  1.5   0.3   0.026684907870
-2.1  1.5   0.9   0.026684907870
-2.1  1.5   1.5   0.026684907870
-2.1  1.5   2.1   0.026684907870
-2.1  2.1  -2.1   0.026684907870
-2.1  2.1  -1.5   0.026684907870
-2.1  2.1  -0.9   0.026684907870
-2.1  2.1  -0.3   0.026684907870
-2.1  2.1   0.3   0.026684907870
-2.1  2.1   0.9   0.026684907870
-2.1  2.1   1.5   0.026684907870
-2.1  2.1   2.1   0.026684907870
-1.5 -2.1  -2.1   0.026684907870
-1.5 -2.1  -1.5   0.026684907870
-1.5 -2.1  -0.9   0.026684907870
-1.5 -2.1  -0.3   0.026684907870
-1.5 -2.1   0.3   0.026684907870
-1.5 -2.1   0.9   0.026684907870
-1.5 -2.1   1.5   0.026684907870
-1.5 -2.1   2.1   0.026684907870
-1.5 -1.5  -2.1   0.026684907870
-1.5 -1.5  -1.5   0.026684907870
-1.5 -1.5  -0.9   0.026684907870
-1.5 -1.5  -0.3   0.026684907870
-1.5 -1.5   0.3   0.026684907870
-1.5 -1.5   0.9   0.026684907870
-1.5 -1.5   1.5   0.026684907870
-1.5 -1.5   2.1   0.026684907870
-1.5 -0.9  -2.1   0.026684907870
-1.5 -0.9  -1.5   0.026684907870
-1.5 -0.9  -0.9   0.026684907870
-1.5 -0.9  -0.3   0.026684907870
-1.5 -0.9   0.3   0.026684907870
-1.5 -0.9   0.9   0.026684907870
-1.5 -0.9   1.5   0.026684907870
-1.5 -0.9   2.1   0.026684907870
-1.5 -0.3  -2.1   0.026684907870
-1.5 -0.3  -1.5   0.026684907870
-1.5 -0.3  -0.9   0.026684907870
-1.5 -0.3  -0.3   0.026684907870
-1.5 -0.3   0.3   0.026684907870
-1.5 -0.3   0.9   0.026684907870
-1.5 -0.3   1.5   0.026684907870
-1.5 -0.3   2.1   0.026684907870
-1.5  0.3  -2.1   0.026684907870
-1.5  0.3  -1.5   0.026684907870
-1.5  0.3  -0.9   0.026684907870
-1.5  0.3  -0.3   0.026684907870
-1.5  0.3   0.3   0.026684907870
-1.5  0.3   0.9   0.026684907870
-1.5  0.3   1.5   0.026684907870
-1.5  0.3   2.1   0.026684907870
-1.5  0.9  -2.1   0.026684907870
-1.5  0.9  -1.5   0.026684907870
-1.5  0.9  -0.9   0.026684907870
-1.5  0.9  -0.3   0.026684907870
-1.5  0.9   0.3   0.026684907870
-1.5  0.9   0.9   0.026684907870
-1.5  0.9   1.5   0.026684907870
-1.5  0.9   2.1   0.026684907870
-1.5  1.5  -2.1   0.026684907870
-1.5  1.5  -1.5   0.026684907870
-1.5  1.5  -0.9   0.026684907870
-1.5  1.5  -0.3   0.026684907870
-1.5  1.5   0.3   0.026684907870
-1.5  1.5   0.9   0.026684907870
-1.5  1.5   1.5   0.026684907870
-1.5  1.5   2.1   0.026684907870
-1.5  2.1  -2.1   0.026684907870
-1.5  2.1  -1.5   0.026684907870
-1.5  2.1  -0.9   0.026684907870
-1.5  2.1  -0.3   0.026684907870
-1.5  2.1   0.3   0.026684907870
-1.5  2.1   0.9   0.026684907870
-1.5  2.1   1.5   0.026684907870
-1.5  2.1   2.1   0.026684907870
-0.9 -2.1  -2.1   0.026684907870
-0.9 -2.1  -1.5   0.026684907870
-0.9 -2.1  -0.9   0.026684907870
-0.9 -2.1  -0.3   0.026684907870
-0.9 -2.1   0.3   0.026684907870
-0.9 -2.1   0.9   0.026684907870
-0.9 -2.1   1.5   0.026684907870
-0.9 -2.1   2.1   0.026684907870
-0.9 -1.5  -2.1   0.026684907870
-0.9 -1.5  -1.5   0.026684907870
-0.9 -1.5  -0.9   0.026684907870
-0.9 -1.5  -0.3   0.026684907870
-0.9 -1.5   0.3   0.026684907870
-0.9 -1.5   0.9   0.026684907870
-0.9 -1.5   1.5   0.026684907870
-0.9 -1.5   2.1   0.026684907870
-0.9 -0.9  -2.1   0.026684907870
-0.9 -0.9  -1.5   0.026684907870
-0.9 -0.9  -0.9   0.026684907870
-0.9 -0.9  -0.3   0.026684907870
-0.9 -0.9   0.3   0.026684907870
-0.9 -0.9   0.9   0.026684907870
-0.9 -0.9   1.5   0.026684907870
-0.9 -0.9   2.1   0.026684907870
-0.9 -0.3  -2.1   0.026684907870
-0.9 -0.3  -1.5   0.026684907870
-0.9 -0.3  -0.9   0.026684907870
-0.9 -0.3  -0.3   0.026684907870
-0.9 -0.3   0.3   0.026684907870
-0.9 -0.3   0.9   0.026684907870
-0.9 -0.3   1.5   0.026684907870
-0.9 -0.3   2.1   0.026684907870
-0.9  0.3  -2.1   0.026684907870
-0.9  0.3  -1.5   0.026684907870
-0.9  0.3  -0.9   0.026684907870
-0.9  0.3  -0.3   0.026684907870
-0.9  0.3   0.3   0.026684907870
-0.9  0.3   0.9   0.026684907870
-0.9  0.3   1.5   0.026684907870
-0.9  0.3   2.1   0.026684907870
-0.9  0.9  -2.1   0.026684907870
-0.9  0.9  -1.5   0.026684907870
-0.9  0.9  -0.9   0.026684907870
-0.9  0.9  -0.3   0.026684907870
-0.9  0.9   0.3   0.026684907870
-0.9  0.9   0.9   0.026684907870
-0.9  0.9   1.5   0.026684907870
-0.9  0.9   2.1   0.026684907870
-0.9  1.5  -2.1   0.026684907870
-0.9  1.5  -1.5   0.026684907870
-0.9  1.5  -0.9   0.026684907870
-0.9  1.5  -0.3   0.026684907870
-0.9  1.5   0.3   0.026684907870
-0.9  1.5   0.9   0.026684907870
-0.9  1.5   1.5   0.026684907870
-0.9  1.5   2.1   0.026684907870
-0.9  2.1  -2.1   0.026684907870
-0.9  2.1  -1.5   0.026684907870
-0.9  2.1  -0.9   0.026684907870
-0.9  2.1  -0.3   0.026684907870
-0.9  2.1   0.3   0.026684907870
-0.9  2.1   0.9   0.026684907870
-0.9  2.1   1.5   0.026684907870
-0.9  2.1   2.1   0.026684907870
-0.3 -2.1  -2.1   0.026684907870
-0.3 -2.1  -1.5   0.026684907870
-0.3 -2.1  -0.9   0.026684907870
-0.3 -2.1  -0.3   0.026684907870
-0.3 -2.1   0.3   0.026684907870
-0.3 -2.1   0.9   0.026684907870
-0.3 -2.1   1.5   0.026684907870
-0.3 -2.1   2.1   0.026684907870
-0.3 -1.5  -2.1   0.026684907870
-0.3 -1.5  -1.5   0.026684907870
-0.3 -1.5  -0.9   0.026684907870
-0.3 -1.5  -0.3   0.026684907870
-0.3 -1.5   0.3   0.026684907870
-0.3 -1.5   0.9   0.026684907870
-0.3 -1.5   1.5   0.026684907870
-0.3 -1.5   2.1   0.026684907870
-0.3 -0.9  -2.1   0.026684907870
-0.3 -0.9  -1.5   0.026684907870
-0.3 -0.9  -0.9   0.026684907870
-0.3 -0.9  -0.3   0.026684907870
-0.3 -0.9   0.3   0.026684907870
-0.3 -0.9   0.9   0.026684907870
-0.3 -0.9   1.5   0.026684907870
-0.3 -0.9   2.1   0.026684907870
-0.3 -0.3  -2.1   0.026684907870
-0.3 -0.3  -1.5   0.026684907870
-0.3 -0.3  -0.9   0.026684907870
-0.3 -0.3  -0.3   0.026684907870
-0.3 -0.3   0.3   0.026684907870
-0.3 -0.3   0.9   0.026684907870
-0.3 -0.3   1.5   0.026684907870
-0.3 -0.3   2.1   0.026684907870
-0.3  0.3  -2.1   0.026684907870
-0.3  0.3  -1.5   0.026684907870
-0.3  0.3  -0.9   0.026684907870
-0.3  0.3  -0.3   0.026684907870
-0.3  0.3   0.3   0.026684907870
-0.3  0.3   0.9   0.026684907870
-0.3  0.3   1.5   0.026684907870
-0.3  0.3   2.1   0.026684907870
-0.3  0.9  -2.1   0.026684907870
-0.3  0.9  -1.5   0.026684907870
-0.3  0.9  -0.9   0.026684907870
-0.3  0.9  -0.3   0.026684907870
-0.3  0.9   0.3   0.026684907870
-0.3  0.9   0.9   0.026684907870
-0.3  0.9   1.5   0.026684907870
-0.3  0.9   2.1   0.026684907870
-0.3  1.5  -2.1   0.026684907870
-0.3  1.5  -1.5   0.026684907870
-0.3  1.5  -0.9   0.026684907870
-0.3  1.5  -0.3   0.026684907870
-0.3  1.5   0.3   0.026684907870
-0.3  1.5   0.9   0.026684907870
-0.3  1.5   1.5   0.026684907870
-0.3  1.5   2.1   0.026684907870
-0.3  2.1  -2.1   0.026684907870
-0.3  2.1  -1.5   0.026684907870
-0.3  2.1  -0.9   0.026684907870
-0.3  2.1  -0.3   0.026684907870
-0.3  2.1   0.3   0.026684907870
-0.3  2.1   0.9   0.026684907870
-0.3  2.1   1.5   0.026684907870
-0.3  2.1   2.1   0.026684907870
 0.3 -2.1  -2.1   0.026684907870
 0.3 -2.1  -1.5   0.026684907870
 0.3 -2.1  -0.9   0.026684907870
 0.3 -2.1  -0.3   0.026684907870
 0.3 -2.1   0.3   0.026684907870
 0.3 -2.1   0.9   0.026684907870
 0.3 -2.1   1.5   0.026684907870
 0.3 -2.1   2.1   0.026684907870
 0.3 -1.5  -2.1   0.026684907870
 0.3 -1.5  -1.5   0.026684907870
 0.3 -1.5  -0.9   0.026684907870
 0.3 -1.5  -0.3   0.026684907870
 0.3 -1.5   0.3   0.026684907870
 0.3 -1.5   0.9   0.026684907870
 0.3 -1.5   1.5   0.026684907870
 0.3 -1.5   2.1   0.026684907870
 0.3 -0.9  -2.1   0.026684907870
 0.3 -0.9  -1.5   0.026684907870
 0.3 -0.9  -0.9   0.026684907870
 0.3 -0.9  -0.3   0.026684907870
 0.3 -0.9   0.3   0.026684907870
 0.3 -0.9   0.9   0.026684907870
 0.3 -0.9   1.5   0.026684907870
 0.3 -0.9   2.1   0.026684907870
 0.3 -0.3  -2.1   0.026684907870
 0.3 -0.3  -1.5   0.026684907870
 0.3 -0.3  -0.9   0.026684907870
 0.3 -0.3  -0.3   0.026684907870
 0.3 -0.3   0.3   0.026684907870
 0.3 -0.3   0.9   0.026684907870
 0.3 -0.3   1.5   0.026684907870
 0.3 -0.3   2.1   0.026684907870
 0.3  0.3  -2.1   0.026684907870
 0.3  0.3  -1.5   0.026684907870
 0.3  0.3  -0.9   0.026684907870
 0.3  0.3  -0.3   0.026684907870
 0.3  0.3   0.3   0.026684907870
 0.3  0.3   0.9   0.026684907870
 0.3  0.3   1.5   0.026684907870
 0.3  0.3   2.1   0.026684907870
 0.3  0.9  -2.1   0.026684907870
 0.3  0.9  -1.5   0.026684907870
 0.3  0.9  -0.9   0.026684907870
 0.3  0.9  -0.3   0.026684907870
 0.3  0.9   0.3   0.026684907870
 0.3  0.9   0.9   0.026684907870
 0.3  0.9   1.5   0.026684907870
 0.3  0.9   2.1   0.026684907870
 0.3  1.5  -2.1   0.026684907870
 0.3  1.5  -1.5   0.026684907870
 0.3  1.5  -0.9   0.026684907870
 0.3  1.5  -0.3   0.026684907870
 0.3  1.5   0.3   0.026684907870
 0.3  1.5   0.9   0.026684907870
 0.3  1.5   1.5   0.026684907870
 0.3  1.5   2.1   0.026684907870
 0.3  2.1  -2.1   0.026684907870
 0.3  2.1  -1.5   0.026684907870
 0.3  2.1  -0.9   0.026684907870
 0.3  2.1  -0.3   0.026684907870
 0.3  2.1   0.3   0.026684907870
 0.3  2.1   0.9   0.026684907870
 0.3  2.1   1.5   0.026684907870
 0.3  2.1   2.1   0.026684907870
 0.9 -2.1  -2.1   0.026684907870
 0.9 -2.1  -1.5   0.026684907870
 0.9 -2.1  -0.9   0.026684907870
 0.9 -2.1  -0.3   0.026684907870
 0.9 -2.1   0.3   0.026684907870
 0.9 -2.1   0.9   0.026684907870
 0.9 -2.1   1.5   0.026684907870
 0.9 -2.1   2.1   0.026684907870
 0.9 -1.5  -2.1   0.026684907870
 0.9 -1.5  -1.5   0.026684907870
 0.9 -1.5  -0.9   0.026684907870
 0.9 -1.5  -0.3   0.026684907870
 0.9 -1.5   0.3   0.026684907870
 0.9 -1.5   0.9   0.026684907870
 0.9 -1.5   1.5   0.026684907870
 0.9 -1.5   2.1   0.026684907870
 0.9 -0.9  -2.1   0.026684907870
 0.9 -0.9  -1.5   0.026684907870
 0.9 -0.9  -0.9   0.026684907870
 0.9 -0.9  -0.3   0.026684907870
 0.9 -0.9   0.3   0.026684907870
 0.9 -0.9   0.9   0.026684907870
 0.9 -0.9   1.5   0.026684907870
 0.9 -0.9   2.1   0.026684907870
 0.9 -0.3  -2.1   0.026684907870
 0.9 -0.3  -1.5   0.026684907870
 0.9 -0.3  -0.9   0.026684907870
 0.9 -0.3  -0.3   0.026684907870
 0.9 -0.3   0.3   0.026684907870
 0.9 -0.3   0.9   0.026684907870
 0.9 -0.3   1.5   0.026684907870
 0.9 -0.3   2.1   0.026684907870
 0.9  0.3  -2.1   0.026684907870
 0.9  0.3  -1.5   0.026684907870
 0.9  0.3  -0.9   0.026684907870
 0.9  0.3  -0.3   0.026684907870
 0.9  0.3   0.3   0.026684907870
 0.9  0.3   0.9   0.026684907870
 0.9  0.3   1.5   0.026684907870
 0.9  0.3   2.1   0.026684907870
 0.9  0.9  -2.1   0.026684907870
 0.9  0.9  -1.5   0.026684907870
 0.9  0.9  -0.9   0.026684907870
 0.9  0.9  -0.3  -0.026684907870
 0.9  0.9   0.3  -0.022532922999
 0.9  0.9   0.9   0.026684907870
 0.9  0.9   1.5   0.026684907870
 0.9  0.9   2.1   0.026684907870
 0.9  1.5  -2.1   0.026684907870
 0.9  1.5  -1.5   0.026684907870
 0.9  1.5  -0.9  -0.026684907870
 0.9  1.5  -0.3  -0.026684907870
 0.9  1.5   0.3  -0.026684907870
 0.9  1.5   0.9   0.026684907870
 0.9  1.5   1.5   0.026684907870
 0.9  1.5   2.1   0.026684907870
 0.9  2.1  -2.1   0.026684907870
 0.9  2.1  -1.5   0.026684907870
 0.9  2.1  -0.9  -0.026684907870
 0.9  2.1  -0.3  -0.026684907870
 0.9  2.1   0.3  -0.026260324300
 0.9  2.1   0.9   0.026684907870
 0.9  2.1   1.5   0.026684907870
 0.9  2.1   2.1   0.026684907870
 1.5 -2.1  -2.1   0.026684907870
 1.5 -2.1  -1.5   0.026684907870
 1.5 -2.1  -0.9   0.026684907870
 1.5 -2.1  -0.3   0.026684907870
 1.5 -2.1   0.3   0.026684907870
 1.5 -2.1   0.9   0.026684907870
 1.5 -2.1   1.5   0.026684907870
 1.5 -2.1   2.1   0.026684907870
 1.5 -1.5  -2.1   0.026684907870
 1.5 -1.5  -1.5   0.026684907870
 1.5 -1.5  -0.9   0.026684907870
 1.5 -1.5  -0.3   0.026684907870
 1.5 -1.5   0.3   0.026684907870
 1.5 -1.5   0.9   0.026684907870
 1.5 -1.5   1.5   0.026684907870
 1.5 -1.5   2.1   0.026684907870
 1.5 -0.9  -2.1   0.026684907870
 1.5 -0.9  -1.5   0.026684907870
 1.5 -0.9  -0.9   0.026684907870
 1.5 -0.9  -0.3   0.026684907870
 1.5 -0.9   0.3   0.026684907870
 1.5 -0.9   0.9   0.026684907870
 1.5 -0.9   1.5   0.026684907870
 1.5 -0.9   2.1   0.026684907870
 1.5 -0.3  -2.1   0.026684907870
 1.5 -0.3  -1.5   0.026684907870
 1.5 -0.3  -0.9   0.026684907870
 1.5 -0.3  -0.3   0.026684907870
 1.5 -0.3   0.3   0.026684907870
 1.5 -0.3   0.9   0.026684907870
 1.5 -0.3   1.5   0.026684907870
 1.5 -0.3   2.1   0.026684907870
 1.5  0.3  -2.1   0.026684907870
 1.5  0.3  -1.5   0.026684907870
 1.5  0.3  -0.9   0.026684907870
 1.5  0.3  -0.3   0.026684907870
 1.5  0.3   0.3   0.026684907870
 1.5  0.3   0.9   0.026684907870
 1.5  0.3   1.5   0.026684907870
 1.5  0.3   2.1   0.026684907870
 1.5  0.9  -2.1   0.026684907870
 1.5  0.9  -1.5   0.026684907870
 1.5  0.9  -0.9   0.026684907870
 1.5  0.9  -0.3  -0.026684907870
 1.5  0.9   0.3  -0.026684907870
 1.5  0.9   0.9   0.026684907870
 1.5  0.9   1.5   0.026684907870
 1.5  0.9   2.1   0.026684907870
 1.5  1.5  -2.1   0.026684907870
 1.5  1.5  -1.5   0.026684907870
 1.5  1.5  -0.9   0.026684907870
 1.5  1.5  -0.3  -0.026684907870
 1.5  1.5   0.3  -0.026684907870
 1.5  1.5   0.9   0.026684907870
 1.5  1.5   1.5   0.026684907870
 1.5  1.5   2.1   0.026684907870
 1.5  2.1  -2.1   0.026684907870
 1.5  2.1  -1.5   0.026684907870
 1.5  2.1  -0.9   0.026684907870
 1.5  2.1  -0.3  -0.026684907870
 1.5  2.1   0.3  -0.026684907870
 1.5  2.1   0.9   0.026684907870
 1.5  2.1   1.5   0.026684907870
 1.5  2.1   2.1   0.026684907870
 2.1 -2.1  -2.1   0.026684907870
 2.1 -2.1  -1.5   0.026684907870
 2.1 -2.1  -0.9   0.026684907870
 2.1 -2.1  -0.3   0.026684907870
 2.1 -2.1   0.3   0.026684907870
 2.1 -2.1   0.9   0.026684907870
 2.1 -2.1   1.5   0.026684907870
 2.1 -2.1   2.1   0.026684907870
 2.1 -1.5  -2.1   0.026684907870
 2.1 -1.5  -1.5   0.026684907870
 2.1 -1.5  -0.9   0.026684907870
 2.1 -1.5  -0.3   0.026684907870
 2.1 -1.5   0.3   0.026684907870
 2.1 -1.5   0.9   0.026684907870
 2.1 -1.5   1.5   0.026684907870
 2.1 -1.5   2.1   0.026684907870
 2.1 -0.9  -2.1   0.026684907870
 2.1 -0.9  -1.5   0.026684907870
 2.1 -0.9  -0.9   0.026684907870
 2.1 -0.9  -0.3   0.026684907870
 2.1 -0.9   0.3   0.026684907870
 2.1 -0.9   0.9   0.026684907870
 2.1 -0.9   1.5   0.026684907870
 2.1 -0.9   2.1   0.026684907870
 2.1 -0.3  -2.1   0.026684907870
 2.1 -0.3  -1.5   0.026684907870
 2.1 -0.3  -0.9   0.026684907870
 2.1 -0.3  -0.3   0.026684907870
 2.1 -0.3   0.3   0.026684907870
 2.1 -0.3   0.9   0.026684907870
 2.1 -0.3   1.5   0.026684907870
 2.1 -0.3   2.1   0.026684907870
 2.1  0.3  -2.1   0.026684907870
 2.1  0.3  -1.5   0.026684907870
 2.1  0.3  -0.9   0.026684907870
 2.1  0.3  -0.3   0.026684907870
 2.1  0.3   0.3   0.026684907870
 2.1  0.3   0.9   0.026684907870
 2.1  0.3   1.5   0.026684907870
 2.1  0.3   2.1   0.026684907870
 2.1  0.9  -2.1   0.026684907870
 2.1  0.9  -1.5   0.026684907870
 2.1  0.9  -0.9   0.026684907870
 2.1  0.9  -0.3   0.026684907870
 2.1  0.9   0.3   0.026684907870
 2.1  0.9   0.9   0.026684907870
 2.1  0.9   1.5   0.026684907870
 2.1  0.9   2.1   0.026684907870
 2.1  1.5  -2.1   0.026684907870
 2.1  1.5  -1.5   0.026684907870
 2.1  1.5  -0.9   0.026684907870
 2.1  1.5  -0.3   0.026684907870
 2.1  1.5   0.3   0.026684907870
 2.1  1.5   0.9   0.026684907870
 2.1  1.5   1.5   0.026684907870
 2.1  1.5   2.1   0.026684907870
 2.1  2.1  -2.1   0.026684907870
 2.1  2.1  -1.5   0.026684907870
 2.1  2.1  -0.9   0.026684907870
 2.1  2.1  -0.3   0.026684907870
 2.1  2.1   0.3   0.026684907870
 2.1  2.1   0.9   0.026684907870
 2.1  2.1   1.5   0.026684907870
 2.1  2.1   2.1   0.026684907870
-2.1 -2.1  -2.1   0.026684907870
-2.1 -2.1  -1.5   0.026684907870
-2.1 -2.1  -0.9   0.026684907870
-2.1 -2.1  -0.3   0.026684907870
-2.1 -2.1   0.3   0.026684907870
-2.1 -2.1   0.9   0.026684907870
-2.1 -2.1   1.5   0.026684907870
-2.1 -2.1   2.1   0.026684907870
-2.1 -1.5  -2.1   0.026684907870
-2.1 -1.5  -1.5   0.026684907870
-2.1 -1.5  -0.9   0.026684907870
-2.1 -1.5  -0.3   0.026684907870
-2.1 -1.5   0.3   0.026684907870
-2.1 -1.5   0.9   0.026684907870
-2.1 -1.5   1.5   0.026684907870
-2.1 -1.5   2.1   0.026684907870
-2.1 -0.9  -2.1   0.026684907870
-2.1 -0.9  -1.5   0.026684907870
-2.1 -0.9  -0.9   0.026684907870
-2.1 -0.9  -0.3   0.026684907870
-2.1 -0.9   0.3   0.026684907870
-2.1 -0.9   0.9   0.026684907870
-2.1 -0.9   1.5   0.026684907870
-2.1 -0.9   2.1   0.026684907870
-2.1 -0.3  -2.1   0.026684907870
-2.1 -0.3  -1.5   0.026684907870
-2.1 -0.3  -0.9   0.026684907870
-2.1 -0.3  -0.3   0.026684907870
-2.1 -0.3   0.3   0.026684907870
-2.1 -0.3   0.9   0.026684907870
-2.1 -0.3   1.5   0.026684907870
-2.1 -0.3   2.1   0.026684907870
-2.1  0.3  -2.1   0.026684907870
-2.1  0.3  -1.5   0.026684907870
-2.1  0.3  -0.9   0.026684907870
-2.1  0.3  -0.3   0.026684907870
-2.1  0.3   0.3   0.026684907870
-2.1  0.3   0.9   0.026684907870
-2.1  0.3   1.5   0.026684907870
-2.1  0.3   2.1   0.026684907870
-2.1  0.9  -2.1   0.026684907870
-2.1  0.9  -1.5   0.026684907870
-2.1  0.9  -0.9   0.026684907870
-2.1  0.9  -0.3   0.026684907870
-2.1  0.9   0.3   0.026684907870
-2.1  0.9   0.9   0.026684907870
-2.1  0.9   1.5   0.026684907870
-2.1  0.9   2.1   0.026684907870
-2.1  1.5  -2.1   0.026684907870
-2.1  1.5  -1.5   0.026684907870
-2.1  1.5  -0.9   0.026684907870
-2.1  1.5  -0.3   0.026684907870
-2.1  1.5   0.3   0.026684907870
-2.1  1.5   0.9   0.026684907870
-2.1  1.5   1.5   0.026684907870
-2.1  1.5   2.1   0.026684907870
-2.1  2.1  -2.1   0.026684907870
-2.1  2.1  -1.5   0.026684907870
-2.1  2.1  -0.9   0.026684907870
-2.1  2.1  -0.3   0.026684907870
-2.1  2.1   0.3   0.026684907870
-2.1  2.1   0.9   0.026684907870
-2.1  2.1   1.5   0.026684907870
-2.1  2.1   2.1   0.026684907870
-1.5 -2.1  -2.1   0.026684907870
-1.5 -2.1  -1.5   0.026684907870
-1.5 -2.1  -0.9   0.026684907870
-1.5 -2.1  -0.3   0.026684907870
-1.5 -2.1   0.3   0.026684907870
-1.5 -2.1   0.9   0.026684907870
-1.5 -2.1   1.5   0.026684907870
-1.5 -2.1   2.1   0.026684907870
-1.5 -1.5  -2.1   0.026684907870
-1.5 -1.5  -1.5   0.026684907870
-1.5 -1.5  -0.9   0.026684907870
-1.5 -1.5  -0.3   0.026684907870
-1.5 -1.5   0.3   0.026684907870
-1.5 -1.5   0.9   0.026684907870
-1.5 -1.5   1.5   0.026684907870
-1.5 -1.5   2.1   0.026684907870
-1.5 -0.9  -2.1   0.026684907870
-1.5 -0.9  -1.5   0.026684907870
-1.5 -0.9  -0.9   0.026684907870
-1.5 -0.9  -0.3   0.026684907870
-1.5 -0.9   0.3   0.026684907870
-1.5 -0.9   0.9   0.026684907870
-1.5 -0.9   1.5   0.026684907870
-1.5 -0.9   2.1   0.026684907870
-1.5 -0.3  -2.1   0.026684907870
-1.5 -0.3  -1.5   0.026684907870
-1.5 -0.3  -0.9   0.026684907870
-1.5 -0.3  -0.3   0.026684907870
-1.5 -0.3   0.3   0.026684907870
-1.5 -0.3   0.9   0.026684907870
-1.5 -0.3   1.5   0.026684907870
-1.5 -0.3   2.1   0.026684907870
-1.5  0.3  -2.1   0.026684907870
-1.5  0.3  -1.5   0.026684907870
-1.5  0.3  -0.9   0.026684907870
-1.5  0.3  -0.3   0.026684907870
-1.5  0.3   0.3   0.026684907870
-1.5  0.3   0.9   0.026684907870
-1.5  0.3   1.5   0.026684907870
-1.5  0.3   2.1   0.026684907870
-1.5  0.9  -2.1   0.026684907870
-1.5  0.9  -1.5   0.026684907870
-1.5  0.9  -0.9   0.026684907870
-1.5  0.9  -0.3   0.026684907870
-1.5  0.9   0.3   0.026684907870
-1.5  0.9   0.9   0.026684907870
-1.5  0.9   1.5   0.026684907870
-1.5  0.9   2.1   0.026684907870
-1.5  1.5  -2.1   0.026684907870
-1.5  1.5  -1.5   0.026684907870
-1.5  1.5  -0.9   0.026684907870
-1.5  1.5  -0.3   0.026684907870
-1.5  1.5   0.3   0.026684907870
-1.5  1.5   0.9   0.026684907870
-1.5  1.5   1.5   0.026684907870
-1.5  1.5   2.1   0.026684907870
-1.5  2.1  -2.1   0.026684907870
-1.5  2.1  -1.5   0.026684907870
-1.5  2.1  -0.9   0.026684907870
-1.5  2.1  -0.3   0.026684907870
-1.5  2.1   0.3   0.026684907870
-1.5  2.1   0.9   0.026684907870
-1.5  2.1   1.5   0.026684907870
-1.5  2.1   2.1   0.026684907870
-0.9 -2.1  -2.1   0.026684907870
-0.9 -2.1  -1.5   0.026684907870
-0.9 -2.1  -0.9   0.026684907870
-0.9 -2.1  -0.3   0.026684907870
-0.9 -2.1   0.3   0.026684907870
-0.9 -2.1   0.9   0.026684907870
-0.9 -2.1   1.5   0.026684907870
-0.9 -2.1   2.1   0.026684907870
-0.9 -1.5  -2.1   0.026684907870
-0.9 -1.5  -1.5   0.026684907870
-0.9 -1.5  -0.9   0.026684907870
-0.9 -1.5  -0.3   0.026684907870
-0.9 -1.5   0.3   0.026684907870
-0.9 -1.5   0.9   0.026684907870
-0.9 -1.5   1.5   0.026684907870
-0.9 -1.5   2.1   0.026684907870
-0.9 -0.9  -2.1   0.026684907870
-0.9 -0.9  -1.5   0.026684907870
-0.9 -0.9  -0.9   0.026684907870
-0.9 -0.9  -0.3   0.026684907870
-0.9 -0.9   0.3   0.026684907870
-0.9 -0.9   0.9   0.026684907870
-0.9 -0.9   1.5   0.026684907870
-0.9 -0.9   2.1   0.026684907870
-0.9 -0.3  -2.1   0.026684907870
-0.9 -0.3  -1.5   0.026684907870
-0.9 -0.3  -0.9   0.026684907870
-0.9 -0.3  -0.3   0.026684907870
-0.9 -0.3   0.3   0.026684907870
-0.9 -0.3   0.9   0.026684907870
-0.9 -0.3   1.5   0.026684907870
-0.9 -0.3   2.1   0.026684907870
-0.9  0.3  -2.1   0.026684907870
-0.9  0.3  -1.5   0.026684907870
-0.9  0.3  -0.9   0.026684907870
-0.9  0.3  -0.3   0.026684907870
-0.9  0.3   0.3   0.026684907870
-0.9  0.3   0.9   0.026684907870
-0.9  0.3   1.5   0.026684907870
-0.9  0.3   2.1   0.026684907870
-0.9  0.9  -2.1   0.026684907870
-0.9  0.9  -1.5   0.026684907870
-0.9  0.9  -0.9   0.026684907870
-0.9  0.9  -0.3   0.026684907870
-0.9  0.9   0.3   0.026684907870
-0.9  0.9   0.9   0.026684907870
-0.9  0.9   1.5   0.026684907870
-0.9  0.9   2.1   0.026684907870
-0.9  1.5  -2.1   0.026684907870
-0.9  1.5  -1.5   0.026684907870
-0.9  1.5  -0.9   0.026684907870
-0.9  1.5  -0.3   0.026684907870
-0.9  1.5   0.3   0.026684907870
-0.9  1.5   0.9   0.026684907870
-0.9  1.5   1.5   0.026684907870
-0.9  1.5   2.1   0.026684907870
-0.9  2.1  -2.1   0.026684907870
-0.9  2.1  -1.5   0.026684907870
-0.9  2.1  -0.9   0.026684907870
-0.9  2.1  -0.3   0.026684907870
-0.9  2.1   0.3   0.026684907870
-0.9  2.1   0.9   0.026684907870
-0.9  2.1   1.5   0.026684907870
-0.9  2.1   2.1   0.026684907870
-0.3 -2.1  -2.1   0.026684907870
-0.3 -2.1  -1.5   0.026684907870
-0.3 -2.1  -0.9   0.026684907870
-0.3 -2.1  -0.3   0.026684907870
-0.3 -2.1   0.3   0.026684907870
-0.3 -2.1   0.9   0.026684907870
-0.3 -2.1   1.5   0.026684907870
-0.3 -2.1   2.1   0.026684907870
-0.3 -1.5  -2.1   0.026684907870
-0.3 -1.5  -1.5   0.026684907870
-0.3 -1.5  -0.9   0.026684907870
-0.3 -1.5  -0.3   0.026684907870
-0.3 -1.5   0.3   0.026684907870
-0.3 -1.5   0.9   0.026684907870
-0.3 -1.5   1.5   0.026684907870
-0.3 -1.5   2.1   0.026684907870
-0.3 -0.9  -2.1   0.026684907870
-0.3 -0.9  -1.5   0.026684907870
-0.3 -0.9  -0.9   0.026684907870
-0.3 -0.9  -0.3   0.026684907870
-0.3 -0.9   0.3   0.026684907870
-0.3 -0.9   0.9   0.026684907870
-0.3 -0.9   1.5   0.026684907870
-0.3 -0.9   2.1   0.026684907870
-0.3 -0.3  -2.1   0.026684907870
-0.3 -0.3  -1.5   0.026684907870
-0.3 -0.3  -0.9   0.026684907870
-0.3 -0.3  -0.3   0.026684907870
-0.3 -0.3   0.3   0.026684907870
-0.3 -0.3   0.9   0.026684907870
-0.3 -0.3   1.5   0.026684907870
-0.3 -0.3   2.1   0.026684907870
-0.3  0.3  -2.1   0.026684907870
-0.3  0.3  -1.5   0.026684907870
-0.3  0.3  -0.9   0.026684907870
-0.3  0.3  -0.3   0.026684907870
-0.3  0.3   0.3   0.026684907870
-0.3  0.3   0.9   0.026684907870
-0.3  0.3   1.5   0.026684907870
-0.3  0.3   2.1   0.026684907870
-0.3  0.9  -2.1   0.026684907870
-0.3  0.9  -1.5   0.026684907870
-0.3  0.9  -0.9   0.026684907870
-0.3  0.9  -0.3   0.026684907870
-0.3  0.9   0.3   0.026684907870
-0.3  0.9   0.9   0.026684907870
-0.3  0.9   1.5   0.026684907870
-0.3  0.9   2.1   0.026684907870
-0.3  1.5  -2.1   0.026684907870
-0.3  1.5  -1.5   0.026684907870
-0.3  1.5  -0.9   0.026684907870
-0.3  1.5  -0.3   0.026684907870
-0.3  1.5   0.3   0.026684907870
-0.3  1.5   0.9   0.026684907870
-0.3  1.5   1.5   0.026684907870
-0.3  1.5   2.1   0.026684907870
-0.3  2.1  -2.1   0.026684907870
-0.3  2.1  -1.5   0.026684907870
-0.3  2.1  -0.9   0.026684907870
-0.3  2.1  -0.3   0.026684907870
-0.3  2.1   0.3   0.026684907870
-0.3  2.1   0.9   0.026684907870
-0.3  2.1   1.5   0.026684907870
-0.3  2.1   2.1   0.026684907870
 0.3 -2.1  -2.1   0.026684907870
 0.3 -2.1  -1.5   0.026684907870
 0.3 -2.1  -0.9   0.026684907870
 0.3 -2.1  -0.3   0.026684907870
 0.3 -2.1   0.3   0.026684907870
 0.3 -2.1   0.9   0.026684907870
 0.3 -2.1   1.5   0.026684907870
 0.3 -2.1   2.1   0.026684907870
 0.3 -1.5  -2.1   0.026684907870
 0.3 -1.5  -1.5   0.026684907870
 0.3 -1.5  -0.9   0.026684907870
 0.3 -1.5  -0.3   0.026684907870
 0.3 -1.5   0.3   0.026684907870
 0.3 -1.5   0.9   0.026684907870
 0.3 -1.5   1.5   0.026684907870
 0.3 -1.5   2.1   0.026684907870
 0.3 -0.9  -2.1   0.026684907870
 0.3 -0.9  -1.5   0.026684907870
 0.3 -0.9  -0.9   0.026684907870
 0.3 -0.9  -0.3   0.026684907870
 0.3 -0.9   0.3   0.026684907870
 0.3 -0.9   0.9   0.026684907870
 0.3 -0.9   1.5   0.026684907870
 0.3 -0.9   2.1   0.026684907870
 0.3 -0.3  -2.1   0.026684907870
 0.3 -0.3  -1.5   0.026684907870
 0.3 -0.3  -0.9   0.026684907870
 0.3 -0.3  -0.3   0.026684907870
 0.3 -0.3   0.3   0.026684907870
 0.3 -0.3   0.9   0.026684907870
 0.3 -0.3   1.5   0.026684907870
 0.3 -0.3   2.1   0.026684907870
 0.3  0.3  -2.1   0.026684907870
 0.3  0.3  -1.5   0.026684907870
 0.3  0.3  -0.9   0.026684907870
 0.3  0.3  -0.3   0.026684907870
 0.3  0.3   0.3   0.026684907870
 0.3  0.3   0.9   0.026684907870
 0.3  0.3   1.5   0.026684907870
 0.3  0.3   2.1   0.026684907870
 0.3  0.9  -2.1   0.026684907870
 0.3  0.9  -1.5   0.026684907870
 0.3  0.9  -0.9   0.026684907870
 0.3  0.9  -0.3   0.008420449363
 0.3  0.9   0.3  -0.026684907870
 0.3  0.9   0.9   0.026684907870
 0.3  0.9   1.5   0.026684907870
 0.3  0.9   2.1   0.026684907870
 0.3  1.5  -2.1  -0.026684907870
 0.3  1.5  -1.5  -0.026684907870
 0.3  1.5  -0.9  -0.026684907870
 0.3  1.5  -0.3  -0.026684907870
 0.3  1.5   0.3  -0.026684907870
 0.3  1.5   0.9   0.026684907870
 0.3  1.5   1.5   0.026684907870
 0.3  1.5   2.1   0.026684907870
 0.3  2.1  -2.1   0.026684907870
 0.3  2.1  -1.5   0.012001697424
 0.3  2.1  -0.9  -0.026684907870
 0.3  2.1  -0.3  -0.026684907870
 0.3  2.1   0.3   0.026684907870
 0.3  2.1   0.9   0.026684907870
 0.3  2.1   1.5   0.026684907870
 0.3  2.1   2.1   0.026684907870
 0.9 -2.1  -2.1   0.026684907870
 0.9 -2.1  -1.5   0.026684907870
 0.9 -2.1  -0.9   0.026684907870
 0.9 -2.1  -0.3   0.026684907870
 0.9 -2.1   0.3   0.026684907870
 0.9 -2.1   0.9   0.026684907870
 0.9 -2.1   1.5   0.026684907870
 0.9 -2.1   2.1   0.026684907870
 0.9 -1.5  -2.1   0.026684907870
 0.9 -1.5  -1.5   0.026684907870
 0.9 -1.5  -0.9   0.026684907870
 0.9 -1.5  -0.3   0.026684907870
 0.9 -1.5   0.3   0.026684907870
 0.9 -1.5   0.9   0.026684907870
 0.9 -1.5   1.5   0.026684907870
 0.9 -1.5   2.1   0.026684907870
 0.9 -0.9  -2.1   0.026684907870
 0.9 -0.9  -1.5   0.026684907870
 0.9 -0.9  -0.9   0.026684907870
 0.9 -0.9  -0.3   0.026684907870
 0.9 -0.9   0.3   0.026684907870
 0.9 -0.9   0.9   0.026684907870
 0.9 -0.9   1.5   0.026684907870
 0.9 -0.9   2.1   0.026684907870
 0.9 -0.3  -2.1   0.026684907870
 0.9 -0.3  -1.5   0.026684907870
 0.9 -0.3  -0.9   0.026684907870
 0.9 -0.3  -0.3   0.026684907870
 0.9 -0.3   0.3   0.026684907870
 0.9 -0.3   0.9   0.026684907870
 0.9 -0.3   1.5   0.026684907870
 0.9 -0.3   2.1   0.026684907870
 0.9  0.3  -2.1   0.026684907870
 0.9  0.3  -1.5   0.026684907870
 0.9  0.3  -0.9   0.002663954353
 0.9  0.3  -0.3  -0.026684907870
 0.9  0.3   0.3   0.026684907870
 0.9  0.3   0.9   0.026684907870
 0.9  0.3   1.5   0.026684907870
 0.9  0.3   2.1   0.026684907870
 0.9  0.9  -2.1   0.026684907870
 0.9  0.9  -1.5   0.026684907870
 0.9  0.9  -0.9  -0.026684907870
 0.9  0.9  -0.3  -0.026684907870
 0.9  0.9   0.3  -0.026684907870
 0.9  0.9   0.9   0.024520708472
 0.9  0.9   1.5   0.026684907870
 0.9  0.9   2.1   0.026684907870
 0.9  1.5  -2.1   0.026684907870
 0.9  1.5  -1.5  -0.026684907870
 0.9  1.5  -0.9  -0.026684907870
 0.9  1.5  -0.3  -0.026684907870
 0.9  1.5   0.3  -0.026684907870
 0.9  1.5   0.9   0.026684907870
 0.9  1.5   1.5   0.026684907870
 0.9  1.5   2.1   0.026684907870
 0.9  2.1  -2.1   0.015746070326
 0.9  2.1  -1.5  -0.026684907870
 0.9  2.1  -0.9  -0.026684907870
 0.9  2.1  -0.3  -0.026684907870
 0.9  2.1   0.3  -0.026684907870
 0.9  2.1   0.9   0.026684907870
 0.9  2.1   1.5   0.026684907870
 0.9  2.1   2.1   0.026684907870
 1.5 -2.1  -2.1   0.026684907870
 1.5 -2.1  -1.5   0.026684907870
 1.5 -2.1  -0.9   0.026684907870
 1.5 -2.1  -0.3   0.026684907870
 1.5 -2.1   0.3   0.026684907870
 1.5 -2.1   0.9   0.026684907870
 1.5 -2.1   1.5   0.026684907870
 1.5 -2.1   2.1   0.026684907870
 1.5 -1.5  -2.1   0.026684907870
 1.5 -1.5  -1.5   0.026684907870
 1.5 -1.5  -0.9   0.026684907870
 1.5 -1.5  -0.3   0.026684907870
 1.5 -1.5   0.3   0.026684907870
 1.5 -1.5   0.9   0.026684907870
 1.5 -1.5   1.5   0.026684907870
 1.5 -1.5   2.1   0.026684907870
 1.5 -0.9  -2.1   0.026684907870
 1.5 -0.9  -1.5   0.026684907870
 1.5 -0.9  -0.9   0.026684907870
 1.5 -0.9  -0.3   0.026684907870
 1.5 -0.9   0.3   0.026684907870
 1.5 -0.9   0.9   0.026684907870
 1.5 -0.9   1.5   0.026684907870
 1.5 -0.9   2.1   0.026684907870
 1.5 -0.3  -2.1   0.026684907870
 1.5 -0.3  -1.5   0.026684907870
 1.5 -0.3  -0.9   0.026684907870
 1.5 -0.3  -0.3   0.026684907870
 1.5 -0.3   0.3   0.026684907870
 1.5 -0.3   0.9   0.026684907870
 1.5 -0.3   1.5   0.026684907870
 1.5 -0.3   2.1   0.026684907870
 1.5  0.3  -2.1   0.026684907870
 1.5  0.3  -1.5   0.026684907870
 1.5  0.3  -0.9   0.026684907870
 1.5  0.3  -0.3  -0.026684907870
 1.5  0.3   0.3   0.026684907870
 1.5  0.3   0.9   0.026684907870
 1.5  0.3   1.5   0.026684907870
 1.5  0.3   2.1   0.026684907870
 1.5  0.9  -2.1   0.026684907870
 1.5  0.9  -1.5   0.026684907870
 1.5  0.9  -0.9  -0.011742400174
 1.5  0.9  -0.3  -0.026684907870
 1.5  0.9   0.3  -0.026684907870
 1.5  0.9   0.9  -0.026684907870
 1.5  0.9   1.5   0.026684907870
 1.5  0.9   2.1   0.026684907870
 1.5  1.5  -2.1   0.026684907870
 1.5  1.5  -1.5   0.026684907870
 1.5  1.5  -0.9  -0.026684907870
 1.5  1.5  -0.3  -0.026684907870
 1.5  1.5   0.3  -0.026684907870
 1.5  1.5   0.9  -0.026684907870
 1.5  1.5   1.5   0.026684907870
 1.5  1.5   2.1   0.026684907870
 1.5  2.1  -2.1   0.026684907870
 1.5  2.1  -1.5  -0.026684907870
 1.5  2.1  -0.9  -0.026684907870
 1.5  2.1  -0.3  -0.026684907870
 1.5  2.1   0.3  -0.026684907870
 1.5  2.1   0.9  -0.026684907870
 1.5  2.1   1.5   0.026684907870
 1.5  2.1   2.1   0.026684907870
 2.1 -2.1  -2.1   0.026684907870
 2.1 -2.1  -1.5   0.026684907870
 2.1 -2.1  -0.9   0.026684907870
 2.1 -2.1  -0.3   0.026684907870
 2.1 -2.1   0.3   0.026684907870
 2.1 -2.1   0.9   0.026684907870
 2.1 -2.1   1.5   0.026684907870
 2.1 -2.1   2.1   0.026684907870
 2.1 -1.5  -2.1   0.026684907870
 2.1 -1.5  -1.5   0.026684907870
 2.1 -1.5  -0.9   0.026684907870
 2.1 -1.5  -0.3   0.026684907870
 2.1 -1.5   0.3   0.026684907870
 2.1 -1.5   0.9   0.026684907870
 2.1 -1.5   1.5   0.026684907870
 2.1 -1.5   2.1   0.026684907870
 2.1 -0.9  -2.1   0.026684907870
 2.1 -0.9  -1.5   0.026684907870
 2.1 -0.9  -0.9   0.026684907870
 2.1 -0.9  -0.3   0.026684907870
 2.1 -0.9   0.3   0.026684907870
 2.1 -0.9   0.9   0.026684907870
 2.1 -0.9   1.5   0.026684907870
 2.1 -0.9   2.1   0.026684907870
 2.1 -0.3  -2.1   0.026684907870
 2.1 -0.3  -1.5   0.026684907870
 2.1 -0.3  -0.9   0.026684907870
 2.1 -0.3  -0.3   0.026684907870
 2.1 -0.3   0.3   0.026684907870
 2.1 -0.3   0.9   0.026684907870
 2.1 -0.3   1.5   0.026684907870
 2.1 -0.3   2.1   0.026684907870
 2.1  0.3  -2.1   0.026684907870
 2.1  0.3  -1.5   0.026684907870
 2.1  0.3  -0.9   0.026684907870
 2.1  0.3  -0.3   0.026166099891
 2.1  0.3   0.3   0.026684907870
 2.1  0.3   0.9   0.026684907870
 2.1  0.3   1.5   0.026684907870
 2.1  0.3   2.1   0.026684907870
 2.1  0.9  -2.1   0.026684907870
 2.1  0.9  -1.5   0.026684907870
 2.1  0.9  -0.9   0.026684907870
 2.1  0.9  -0.3  -0.026684907870
 2.1  0.9   0.3  -0.026684907870
 2.1  0.9   0.9   0.026684907870
 2.1  0.9   1.5   0.026684907870
 2.1  0.9   2.1   0.026684907870
 2.1  1.5  -2.1   0.026684907870
 2.1  1.5  -1.5   0.026684907870
 2.1  1.5  -0.9   0.026684907870
 2.1  1.5  -0.3  -0.026684907870
 2.1  1.5   0.3  -0.026684907870
 2.1  1.5   0.9  -0.026684907870
 2.1  1.5   1.5  -0.026684907870
 2.1  1.5   2.1   0.026684907870
 2.1  2.1  -2.1   0.026684907870
 2.1  2.1  -1.5   0.026684907870
 2.1  2.1  -0.9   0.026684907870
 2.1  2.1  -0.3   0.026684907870
 2.1  2.1   0.3   0.026684907870
 2.1  2.1   0.9  -0.026684907870
 2.1  2.1   1.5  -0.026684907870
 2.1  2.1   2.1   0.026684907870
