-2.1 -2.1  -2.1   0.025757880612
-2.1 -2.1  -1.5   0.025757880612
-2.1 -2.1  -0.9   0.025757880612
-2.1 -2.1  -0.3   0.025757880612
-2.1 -2.1   0.3   0.025757880612
-2.1 -2.1   0.9   0.025757880612
-2.1 -2.1   1.5   0.025757880612
-2.1 -2.1   2.1   0.025757880612
-2.1 -1.5  -2.1   0.025757880612
-2.1 -1.5  -1.5   0.025757880612
-2.1 -1.5  -0.9   0.025757880612
-2.1 -1.5  -0.3   0.025757880612
-2.1 -1.5   0.3   0.025757880612
-2.1 -1.5   0.9   0.025757880612
-2.1 -1.5   1.5   0.025757880612
-2.1 -1.5   2.1   0.025757880612
-2.1 -0.9  -2.1   0.025757880612
-2.1 -0.9  -1.5   0.025757880612
-2.1 -0.9  -0.9   0.025757880612
-2.1 -0.9  -0.3   0.025757880612
-2.1 -0.9   0.3   0.025757880612
-2.1 -0.9   0.9   0.025757880612
-2.1 -0.9   1.5   0.025757880612
-2.1 -0.9   2.1   0.025757880612
-2.1 -0.3  -2.1   0.025757880612
-2.1 -0.3  -1.5   0.025757880612
-2.1 -0.3  -0.9   0.025757880612
-2.1 -0.3  -0.3   0.025757880612
-2.1 -0.3   0.3   0.025757880612
-2.1 -0.3   0.9   0.025757880612
-2.1 -0.3   1.5   0.025757880612
-2.1 -0.3   2.1   0.025757880612
-2.1  0.3  -2.1   0.025757880612
-2.1  0.3  -1.5   0.025757880612
-2.1  0.3  -0.9   0.025757880612
-2.1  0.3  -0.3   0.025757880612
-2.1  0.3   0.3   0.025757880612
-2.1  0.3   0.9   0.025757880612
-2.1  0.3   1.5   0.025757880612
-2.1  0.3   2.1   0.025757880612
-2.1  0.9  -2.1   0.025757880612
-2.1  0.9  -1.5   0.025757880612
-2.1  0.9  -0.9   0.025757880612
-2.1  0.9  -0.3   0.025757880612
-2.1  0.9   0.3   0.025757880612
-2.1  0.9   0.9   0.025757880612
-2.1  0.9   1.5   0.025757880612
-2.1  0.9   2.1   0.025757880612
-2.1  1.5  -2.1   0.025757880612
-2.1  1.5  -1.5   0.025757880612
-2.1  1.5  -0.9   0.025757880612
-2.1  1.5  -0.3   0.025757880612
-2.1  1.5   0.3   0.025757880612
-2.1  1.5   0.9   0.025757880612
-2.1  1.5   1.5   0.025757880612
-2.1  1.5   2.1  -0.025757880612
-2.1  2.1  -2.1   0.025757880612
-2.1  2.1  -1.5   0.025757880612
-2.1  2.1  -0.9   0.025757880612
-2.1  2.1  -0.3   0.025757880612
-2.1  2.1   0.3   0.025757880612
-2.1  2.1   0.9   0.025757880612
-2.1  2.1   1.5   0.025757880612
-2.1  2.1   2.1   0.002704010791
-1.5 -2.1  -2.1   0.025757880612
-1.5 -2.1  -1.5   0.025757880612
-1.5 -2.1  -0.9   0.025757880612
-1.5 -2.1  -0.3   0.025757880612
-1.5 -2.1   0.3   0.025757880612
-1.5 -2.1   0.9   0.025757880612
-1.5 -2.1   1.5   0.025757880612
-1.5 -2.1   2.1   0.025757880612
-1.5 -1.5  -2.1   0.025757880612
-1.5 -1.5  -1.5   0.025757880612
-1.5 -1.5  -0.9   0.025757880612
-1.5 -1.5  -0.3   0.025757880612
-1.5 -1.5   0.3   0.025757880612
-1.5 -1.5   0.9   0.025757880612
-1.5 -1.5   1.5   0.025757880612
-1.5 -1.5   2.1   0.025757880612
-1.5 -0.9  -2.1   0.025757880612
-1.5 -0.9  -1.5   0.025757880612
-1.5 -0.9  -0.9   0.025757880612
-1.5 -0.9  -0.3   0.025757880612
-1.5 -0.9   0.3   0.025757880612
-1.5 -0.9   0.9   0.025757880612
-1.5 -0.9   1.5   0.025757880612
-1.5 -0.9   2.1   0.025757880612
-1.5 -0.3  -2.1   0.025757880612
-1.5 -0.3  -1.5   0.025757880612
-1.5 -0.3  -0.9   0.025757880612
-1.5 -0.3  -0.3   0.025757880612
-1.5 -0.3   0.3   0.025757880612
-1.5 -0.3   0.9   0.025757880612
-1.5 -0.3   1.5   0.025757880612
-1.5 -0.3   2.1   0.025757880612
-1.5  0.3  -2.1   0.025757880612
-1.5  0.3  -1.5   0.025757880612
-1.5  0.3  -0.9   0.025757880612
-1.5  0.3  -0.3   0.025757880612
-1.5  0.3   0.3   0.025757880612
-1.5  0.3   0.9   0.025757880612
-1.5  0.3   1.5   0.025757880612
-1.5  0.3   2.1   0.025757880612
-1.5  0.9  -2.1   0.025757880612
-1.5  0.9  -1.5   0.025757880612
-1.5  0.9  -0.9   0.025757880612
-1.5  0.9  -0.3   0.025757880612
-1.5  0.9   0.3   0.025757880612
-1.5  0.9   0.9   0.025757880612
-1.5  0.9   1.5   0.025757880612
-1.5  0.9   2.1   0.025757880612
-1.5  1.5  -2.1   0.025757880612
-1.5  1.5  -1.5   0.025757880612
-1.5  1.5  -0.9   0.025757880612
-1.5  1.5  -0.3   0.025757880612
-1.5  1.5   0.3   0.025757880612
-1.5  1.5   0.9   0.025757880612
-1.5  1.5   1.5   0.025757880612
-1.5  1.5   2.1  -0.025757880612
-1.5  2.1  -2.1   0.025757880612
-1.5  2.1  -1.5   0.025757880612
-1.5  2.1  -0.9   0.025757880612
-1.5  2.1  -0.3   0.025757880612
-1.5  2.1   0.3   0.025757880612
-1.5  2.1   0.9   0.025757880612
-1.5  2.1   1.5   0.025757880612
-1.5  2.1   2.1  -0.025757880612
-0.9 -2.1  -2.1   0.025757880612
-0.9 -2.1  -1.5   0.025757880612
-0.9 -2.1  -0.9   0.025757880612
-0.9 -2.1  -0.3   0.025757880612
-0.9 -2.1   0.3   0.025757880612
-0.9 -2.1   0.9   0.025757880612
-0.9 -2.1   1.5   0.025757880612
-0.9 -2.1   2.1   0.025757880612
-0.9 -1.5  -2.1   0.025757880612
-0.9 -1.5  -1.5   0.025757880612
-0.9 -1.5  -0.9   0.025757880612
-0.9 -1.5  -0.3   0.025757880612
-0.9 -1.5   0.3   0.025757880612
-0.9 -1.5   0.9   0.025757880612
-0.9 -1.5   1.5   0.025757880612
-0.9 -1.5   2.1   0.025757880612
-0.9 -0.9  -2.1   0.025757880612
-0.9 -0.9  -1.5   0.025757880612
-0.9 -0.9  -0.9   0.025757880612
-0.9 -0.9  -0.3   0.025757880612
-0.9 -0.9   0.3   0.025757880612
-0.9 -0.9   0.9   0.025757880612
-0.9 -0.9   1.5   0.025757880612
-0.9 -0.9   2.1   0.025757880612
-0.9 -0.3  -2.1   0.025757880612
-0.9 -0.3  -1.5   0.025757880612
-0.9 -0.3  -0.9   0.025757880612
-0.9 -0.3  -0.3   0.025757880612
-0.9 -0.3   0.3   0.025757880612
-0.9 -0.3   0.9   0.025757880612
-0.9 -0.3   1.5   0.025757880612
-0.9 -0.3   2.1   0.025757880612
-0.9  0.3  -2.1   0.025757880612
-0.9  0.3  -1.5   0.025757880612
-0.9  0.3  -0.9   0.025757880612
-0.9  0.3  -0.3   0.025757880612
-0.9  0.3   0.3   0.025757880612
-0.9  0.3   0.9   0.025757880612
-0.9  0.3   1.5   0.025757880612
-0.9  0.3   2.1   0.025757880612
-0.9  0.9  -2.1   0.025757880612
-0.9  0.9  -1.5   0.025757880612
-0.9  0.9  -0.9   0.025757880612
-0.9  0.9  -0.3   0.025757880612
-0.9  0.9   0.3   0.025757880612
-0.9  0.9   0.9   0.025757880612
-0.9  0.9   1.5   0.025757880612
-0.9  0.9   2.1   0.025757880612
-0.9  1.5  -2.1   0.025757880612
-0.9  1.5  -1.5   0.025757880612
-0.9  1.5  -0.9   0.025757880612
-0.9  1.5  -0.3   0.025757880612
-0.9  1.5   0.3   0.025757880612
-0.9  1.5   0.9   0.025757880612
-0.9  1.5   1.5   0.025757880612
-0.9  1.5   2.1  -0.010649415434
-0.9  2.1  -2.1   0.025757880612
-0.9  2.1  -1.5   0.025757880612
-0.9  2.1  -0.9   0.025757880612
-0.9  2.1  -0.3   0.025757880612
-0.9  2.1   0.3   0.025757880612
-0.9  2.1   0.9   0.025757880612
-0.9  2.1   1.5   0.025757880612
-0.9  2.1   2.1   0.025757880612
-0.3 -2.1  -2.1   0.025757880612
-0.3 -2.1  -1.5   0.025757880612
-0.3 -2.1  -0.9   0.025757880612
-0.3 -2.1  -0.3   0.025757880612
-0.3 -2.1   0.3   0.025757880612
-0.3 -2.1   0.9   0.025757880612
-0.3 -2.1   1.5   0.025757880612
-0.3 -2.1   2.1   0.025757880612
-0.3 -1.5  -2.1   0.025757880612
-0.3 -1.5  -1.5   0.025757880612
-0.3 -1.5  -0.9   0.025757880612
-0.3 -1.5  -0.3   0.025757880612
-0.3 -1.5   0.3   0.025757880612
-0.3 -1.5   0.9   0.025757880612
-0.3 -1.5   1.5   0.025757880612
-0.3 -1.5   2.1   0.025757880612
-0.3 -0.9  -2.1   0.025757880612
-0.3 -0.9  -1.5   0.025757880612
-0.3 -0.9  -0.9   0.025757880612
-0.3 -0.9  -0.3   0.025757880612
-0.3 -0.9   0.3   0.025757880612
-0.3 -0.9   0.9   0.025757880612
-0.3 -0.9   1.5   0.025757880612
-0.3 -0.9   2.1   0.025757880612
-0.3 -0.3  -2.1   0.025757880612
-0.3 -0.3  -1.5   0.025757880612
-0.3 -0.3  -0.9   0.025757880612
-0.3 -0.3  -0.3   0.025757880612
-0.3 -0.3   0.3   0.025757880612
-0.3 -0.3   0.9   0.025757880612
-0.3 -0.3   1.5   0.025757880612
-0.3 -0.3   2.1   0.025757880612
-0.3  0.3  -2.1   0.025757880612
-0.3  0.3  -1.5   0.025757880612
-0.3  0.3  -0.9   0.025757880612
-0.3  0.3  -0.3   0.025757880612
-0.3  0.3   0.3   0.025757880612
-0.3  0.3   0.9   0.025757880612
-0.3  0.3   1.5   0.025757880612
-0.3  0.3   2.1   0.025757880612
-0.3  0.9  -2.1   0.025757880612
-0.3  0.9  -1.5   0.025757880612
-0.3  0.9  -0.9   0.025757880612
-0.3  0.9  -0.3   0.025757880612
-0.3  0.9   0.3   0.025757880612
-0.3  0.9   0.9   0.025757880612
-0.3  0.9   1.5   0.025757880612
-0.3  0.9   2.1   0.025757880612
-0.3  1.5  -2.1   0.025757880612
-0.3  1.5  -1.5   0.025757880612
-0.3  1.5  -0.9   0.025757880612
-0.3  1.5  -0.3   0.025757880612
-0.3  1.5   0.3   0.025757880612
-0.3  1.5   0.9   0.025757880612
-0.3  1.5   1.5   0.025757880612
-0.3  1.5   2.1   0.025757880612
-0.3  2.1  -2.1   0.025757880612
-0.3  2.1  -1.5   0.025757880612
-0.3  2.1  -0.9   0.025757880612
-0.3  2.1  -0.3   0.025757880612
-0.3  2.1   0.3   0.025757880612
-0.3  2.1   0.9   0.025757880612
-0.3  2.1   1.5   0.025757880612
-0.3  2.1   2.1   0.025757880612
 0.3 -2.1  -2.1   0.025757880612
 0.3 -2.1  -1.5   0.025757880612
 0.3 -2.1  -0.9   0.025757880612
 0.3 -2.1  -0.3   0.025757880612
 0.3 -2.1   0.3   0.025757880612
 0.3 -2.1   0.9   0.025757880612
 0.3 -2.1   1.5   0.025757880612
 0.3 -2.1   2.1   0.025757880612
 0.3 -1.5  -2.1   0.025757880612
 0.3 -1.5  -1.5   0.025757880612
 0.3 -1.5  -0.9   0.025757880612
 0.3 -1.5  -0.3   0.025757880612
 0.3 -1.5   0.3   0.025757880612
 0.3 -1.5   0.9   0.025757880612
 0.3 -1.5   1.5   0.025757880612
 0.3 -1.5   2.1   0.025757880612
 0.3 -0.9  -2.1   0.025757880612
 0.3 -0.9  -1.5   0.025757880612
 0.3 -0.9  -0.9   0.025757880612
 0.3 -0.9  -0.3   0.025757880612
 0.3 -0.9   0.3   0.025757880612
 0.3 -0.9   0.9   0.025757880612
 0.3 -0.9   1.5   0.025757880612
 0.3 -0.9   2.1   0.025757880612
 0.3 -0.3  -2.1   0.025757880612
 0.3 -0.3  -1.5   0.025757880612
 0.3 -0.3  -0.9   0.025757880612
 0.3 -0.3  -0.3   0.025757880612
 0.3 -0.3   0.3   0.025757880612
 0.3 -0.3   0.9   0.025757880612
 0.3 -0.3   1.5   0.025757880612
 0.3 -0.3   2.1   0.025757880612
 0.3  0.3  -2.1   0.025757880612
 0.3  0.3  -1.5   0.025757880612
 0.3  0.3  -0.9   0.025757880612
 0.3  0.3  -0.3   0.025757880612
 0.3  0.3   0.3   0.025757880612
 0.3  0.3   0.9   0.025757880612
 0.3  0.3   1.5   0.025757880612
 0.3  0.3   2.1   0.025757880612
 0.3  0.9  -2.1   0.025757880612
 0.3  0.9  -1.5   0.025757880612
 0.3  0.9  -0.9   0.025757880612
 0.3  0.9  -0.3   0.025757880612
 0.3  0.9   0.3   0.025757880612
 0.3  0.9   0.9   0.025757880612
 0.3  0.9   1.5   0.025757880612
 0.3  0.9   2.1   0.025757880612
 0.3  1.5  -2.1   0.025757880612
 0.3  1.5  -1.5   0.025757880612
 0.3  1.5  -0.9   0.025757880612
 0.3  1.5  -0.3   0.025757880612
 0.3  1.5   0.3   0.025757880612
 0.3  1.5   0.9   0.025757880612
 0.3  1.5   1.5   0.025757880612
 0.3  1.5   2.1   0.025757880612
 0.3  2.1  -2.1   0.025757880612
 0.3  2.1  -1.5   0.025757880612
 0.3  2.1  -0.9   0.025757880612
 0.3  2.1  -0.3   0.025757880612
 0.3  2.1   0.3   0.025757880612
 0.3  2.1   0.9   0.025757880612
 0.3  2.1   1.5   0.025757880612
 0.3  2.1   2.1   0.025757880612
 0.9 -2.1  -2.1   0.025757880612
 0.9 -2.1  -1.5   0.025757880612
 0.9 -2.1  -0.9   0.025757880612
 0.9 -2.1  -0.3   0.025757880612
 0.9 -2.1   0.3   0.025757880612
 0.9 -2.1   0.9   0.025757880612
 0.9 -2.1   1.5   0.025757880612
 0.9 -2.1   2.1   0.025757880612
 0.9 -1.5  -2.1   0.025757880612
 0.9 -1.5  -1.5   0.025757880612
 0.9 -1.5  -0.9   0.025757880612
 0.9 -1.5  -0.3   0.025757880612
 0.9 -1.5   0.3   0.025757880612
 0.9 -1.5   0.9   0.025757880612
 0.9 -1.5   1.5   0.025757880612
 0.9 -1.5   2.1   0.025757880612
 0.9 -0.9  -2.1   0.025757880612
 0.9 -0.9  -1.5   0.025757880612
 0.9 -0.9  -0.9   0.025757880612
 0.9 -0.9  -0.3   0.025757880612
 0.9 -0.9   0.3   0.025757880612
 0.9 -0.9   0.9   0.025757880612
 0.9 -0.9   1.5   0.025757880612
 0.9 -0.9   2.1   0.025757880612
 0.9 -0.3  -2.1   0.025757880612
 0.9 -0.3  -1.5   0.025757880612
 0.9 -0.3  -0.9   0.025757880612
 0.9 -0.3  -0.3   0.025757880612
 0.9 -0.3   0.3   0.025757880612
 0.9 -0.3   0.9   0.025757880612
 0.9 -0.3   1.5   0.025757880612
 0.9 -0.3   2.1   0.025757880612
 0.9  0.3  -2.1   0.025757880612
 0.9  0.3  -1.5   0.025757880612
 0.9  0.3  -0.9   0.025757880612
 0.9  0.3  -0.3   0.025757880612
 0.9  0.3   0.3   0.025757880612
 0.9  0.3   0.9   0.025757880612
 0.9  0.3   1.5   0.025757880612
 0.9  0.3   2.1   0.025757880612
 0.9  0.9  -2.1   0.025757880612
 0.9  0.9  -1.5   0.025757880612
 0.9  0.9  -0.9   0.025757880612
 0.9  0.9  -0.3   0.025757880612
 0.9  0.9   0.3   0.025757880612
 0.9  0.9   0.9   0.025757880612
 0.9  0.9   1.5   0.025757880612
 0.9  0.9   2.1   0.025757880612
 0.9  1.5  -2.1   0.025757880612
 0.9  1.5  -1.5   0.025757880612
 0.9  1.5  -0.9   0.025757880612
 0.9  1.5  -0.3   0.025757880612
 0.9  1.5   0.3   0.025757880612
 0.9  1.5   0.9   0.025757880612
 0.9  1.5   1.5   0.025757880612
 0.9  1.5   2.1   0.025757880612
 0.9  2.1  -2.1   0.025757880612
 0.9  2.1  -1.5   0.025757880612
 0.9  2.1  -0.9   0.025757880612
 0.9  2.1  -0.3   0.025757880612
 0.9  2.1   0.3   0.025757880612
 0.9  2.1   0.9   0.025757880612
 0.9  2.1   1.5   0.025757880612
 0.9  2.1   2.1   0.025757880612
 1.5 -2.1  -2.1   0.025757880612
 1.5 -2.1  -1.5   0.025757880612
 1.5 -2.1  -0.9   0.025757880612
 1.5 -2.1  -0.3   0.025757880612
 1.5 -2.1   0.3   0.025757880612
 1.5 -2.1   0.9   0.025757880612
 1.5 -2.1   1.5   0.025757880612
 1.5 -2.1   2.1   0.025757880612
 1.5 -1.5  -2.1   0.025757880612
 1.5 -1.5  -1.5   0.025757880612
 1.5 -1.5  -0.9   0.025757880612
 1.5 -1.5  -0.3   0.025757880612
 1.5 -1.5   0.3   0.025757880612
 1.5 -1.5   0.9   0.025757880612
 1.5 -1.5   1.5   0.025757880612
 1.5 -1.5   2.1   0.025757880612
 1.5 -0.9  -2.1   0.025757880612
 1.5 -0.9  -1.5   0.025757880612
 1.5 -0.9  -0.9   0.025757880612
 1.5 -0.9  -0.3   0.025757880612
 1.5 -0.9   0.3   0.025757880612
 1.5 -0.9   0.9   0.025757880612
 1.5 -0.9   1.5   0.025757880612
 1.5 -0.9   2.1   0.025757880612
 1.5 -0.3  -2.1   0.025757880612
 1.5 -0.3  -1.5   0.025757880612
 1.5 -0.3  -0.9   0.025757880612
 1.5 -0.3  -0.3   0.025757880612
 1.5 -0.3   0.3   0.025757880612
 1.5 -0.3   0.9   0.025757880612
 1.5 -0.3   1.5   0.025757880612
 1.5 -0.3   2.1   0.025757880612
 1.5  0.3  -2.1   0.025757880612
 1.5  0.3  -1.5   0.025757880612
 1.5  0.3  -0.9   0.025757880612
 1.5  0.3  -0.3   0.025757880612
 1.5  0.3   0.3   0.025757880612
 1.5  0.3   0.9   0.025757880612
 1.5  0.3   1.5   0.025757880612
 1.5  0.3   2.1   0.025757880612
 1.5  0.9  -2.1   0.025757880612
 1.5  0.9  -1.5   0.025757880612
 1.5  0.9  -0.9   0.025757880612
 1.5  0.9  -0.3   0.025757880612
 1.5  0.9   0.3   0.025757880612
 1.5  0.9   0.9   0.025757880612
 1.5  0.9   1.5   0.025757880612
 1.5  0.9   2.1   0.025757880612
 1.5  1.5  -2.1   0.025757880612
 1.5  1.5  -1.5   0.025757880612
 1.5  1.5  -0.9   0.025757880612
 1.5  1.5  -0.3   0.025757880612
 1.5  1.5   0.3   0.025757880612
 1.5  1.5   0.9   0.025757880612
 1.5  1.5   1.5   0.025757880612
 1.5  1.5   2.1   0.025757880612
 1.5  2.1  -2.1   0.025757880612
 1.5  2.1  -1.5   0.025757880612
 1.5  2.1  -0.9   0.025757880612
 1.5  2.1  -0.3   0.025757880612
 1.5  2.1   0.3   0.025757880612
 1.5  2.1   0.9   0.025757880612
 1.5  2.1   1.5   0.025757880612
 1.5  2.1   2.1   0.025757880612
 2.1 -2.1  -2.1   0.025757880612
 2.1 -2.1  -1.5  -0.025757880612
 2.1 -2.1  -0.9  -0.025757880612
 2.1 -2.1  -0.3  -0.025757880612
 2.1 -2.1   0.3   0.025757880612
 2.1 -2.1   0.9   0.025757880612
 2.1 -2.1   1.5   0.025757880612
 2.1 -2.1   2.1   0.025757880612
 2.1 -1.5  -2.1   0.025757880612
 2.1 -1.5  -1.5  -0.014618576047
 2.1 -1.5  -0.9  -0.025757880612
 2.1 -1.5  -0.3  -0.025757880612
 2.1 -1.5   0.3   0.025757880612
 2.1 -1.5   0.9   0.025757880612
 2.1 -1.5   1.5   0.025757880612
 2.1 -1.5   2.1   0.025757880612
 2.1 -0.9  -2.1   0.025757880612
 2.1 -0.9  -1.5   0.023827894134
 2.1 -0.9  -0.9  -0.007519807182
 2.1 -0.9  -0.3  -0.000456893286
 2.1 -0.9   0.3   0.025757880612
 2.1 -0.9   0.9   0.025757880612
 2.1 -0.9   1.5   0.025757880612
 2.1 -0.9   2.1   0.025757880612
 2.1 -0.3  -2.1   0.025757880612
 2.1 -0.3  -1.5   0.025757880612
 2.1 -0.3  -0.9   0.025757880612
 2.1 -0.3  -0.3   0.025757880612
 2.1 -0.3   0.3   0.025757880612
 2.1 -0.3   0.9   0.025757880612
 2.1 -0.3   1.5   0.025757880612
 2.1 -0.3   2.1   0.025757880612
 2.1  0.3  -2.1   0.025757880612
 2.1  0.3  -1.5   0.025757880612
 2.1  0.3  -0.9   0.025757880612
 2.1  0.3  -0.3   0.025757880612
 2.1  0.3   0.3   0.025757880612
 2.1  0.3   0.9   0.025757880612
 2.1  0.3   1.5   0.025757880612
 2.1  0.3   2.1   0.025757880612
 2.1  0.9  -2.1   0.025757880612
 2.1  0.9  -1.5   0.025757880612
 2.1  0.9  -0.9   0.025757880612
 2.1  0.9  -0.3   0.025757880612
 2.1  0.9   0.3   0.025757880612
 2.1  0.9   0.9   0.025757880612
 2.1  0.9   1.5   0.025757880612
 2.1  0.9   2.1   0.025757880612
 2.1  1.5  -2.1   0.025757880612
 2.1  1.5  -1.5   0.025757880612
 2.1  1.5  -0.9   0.025757880612
 2.1  1.5  -0.3   0.025757880612
 2.1  1.5   0.3   0.025757880612
 2.1  1.5   0.9   0.025757880612
 2.1  1.5   1.5   0.025757880612
 2.1  1.5   2.1   0.025757880612
 2.1  2.1  -2.1   0.025757880612
 2.1  2.1  -1.5   0.025757880612
 2.1  2.1  -0.9   0.025757880612
 2.1  2.1  -0.3   0.025757880612
 2.1  2.1   0.3   0.025757880612
 2.1  2.1   0.9   0.025757880612
 2.1  2.1   1.5   0.025757880612
 2.1  2.1   2.1   0.025757880612
-2.1 -2.1  -2.1   0.025757880612
-2.1 -2.1  -1.5   0.025757880612
-2.1 -2.1  -0.9   0.025757880612
-2.1 -2.1  -0.3   0.025757880612
-2.1 -2.1   0.3   0.025757880612
-2.1 -2.1   0.9   0.025757880612
-2.1 -2.1   1.5   0.025757880612
-2.1 -2.1   2.1   0.025757880612
-2.1 -1.5  -2.1   0.025757880612
-2.1 -1.5  -1.5   0.025757880612
-2.1 -1.5  -0.9   0.025757880612
-2.1 -1.5  -0.3   0.025757880612
-2.1 -1.5   0.3   0.025757880612
-2.1 -1.5   0.9   0.025757880612
-2.1 -1.5   1.5   0.025757880612
-2.1 -1.5   2.1   0.025757880612
-2.1 -0.9  -2.1   0.025757880612
-2.1 -0.9  -1.5   0.025757880612
-2.1 -0.9  -0.9   0.025757880612
-2.1 -0.9  -0.3   0.025757880612
-2.1 -0.9   0.3   0.025757880612
-2.1 -0.9   0.9   0.025757880612
-2.1 -0.9   1.5   0.025757880612
-2.1 -0.9   2.1   0.025757880612
-2.1 -0.3  -2.1   0.025757880612
-2.1 -0.3  -1.5   0.025757880612
-2.1 -0.3  -0.9   0.025757880612
-2.1 -0.3  -0.3   0.025757880612
-2.1 -0.3   0.3   0.025757880612
-2.1 -0.3   0.9   0.025757880612
-2.1 -0.3   1.5   0.025757880612
-2.1 -0.3   2.1   0.025757880612
-2.1  0.3  -2.1   0.025757880612
-2.1  0.3  -1.5   0.025757880612
-2.1  0.3  -0.9   0.025757880612
-2.1  0.3  -0.3   0.025757880612
-2.1  0.3   0.3   0.025757880612
-2.1  0.3   0.9   0.025757880612
-2.1  0.3   1.5   0.025757880612
-2.1  0.3   2.1   0.025757880612
-2.1  0.9  -2.1   0.025757880612
-2.1  0.9  -1.5   0.025757880612
-2.1  0.9  -0.9   0.025757880612
-2.1  0.9  -0.3   0.025757880612
-2.1  0.9   0.3   0.025757880612
-2.1  0.9   0.9   0.025757880612
-2.1  0.9   1.5   0.025757880612
-2.1  0.9   2.1   0.025757880612
-2.1  1.5  -2.1   0.025757880612
-2.1  1.5  -1.5   0.025757880612
-2.1  1.5  -0.9   0.025757880612
-2.1  1.5  -0.3   0.025757880612
-2.1  1.5   0.3   0.025757880612
-2.1  1.5   0.9   0.025757880612
-2.1  1.5   1.5   0.025757880612
-2.1  1.5   2.1   0.025757880612
-2.1  2.1  -2.1   0.025757880612
-2.1  2.1  -1.5   0.025757880612
-2.1  2.1  -0.9   0.025757880612
-2.1  2.1  -0.3   0.025757880612
-2.1  2.1   0.3   0.025757880612
-2.1  2.1   0.9   0.025757880612
-2.1  2.1   1.5   0.025757880612
-2.1  2.1   2.1   0.025757880612
-1.5 -2.1  -2.1   0.025757880612
-1.5 -2.1  -1.5   0.025757880612
-1.5 -2.1  -0.9   0.025757880612
-1.5 -2.1  -0.3   0.025757880612
-1.5 -2.1   0.3   0.025757880612
-1.5 -2.1   0.9   0.025757880612
-1.5 -2.1   1.5   0.025757880612
-1.5 -2.1   2.1   0.025757880612
-1.5 -1.5  -2.1   0.025757880612
-1.5 -1.5  -1.5   0.025757880612
-1.5 -1.5  -0.9   0.025757880612
-1.5 -1.5  -0.3   0.025757880612
-1.5 -1.5   0.3   0.025757880612
-1.5 -1.5   0.9   0.025757880612
-1.5 -1.5   1.5   0.025757880612
-1.5 -1.5   2.1   0.025757880612
-1.5 -0.9  -2.1   0.025757880612
-1.5 -0.9  -1.5   0.025757880612
-1.5 -0.9  -0.9   0.025757880612
-1.5 -0.9  -0.3   0.025757880612
-1.5 -0.9   0.3   0.025757880612
-1.5 -0.9   0.9   0.025757880612
-1.5 -0.9   1.5   0.025757880612
-1.5 -0.9   2.1   0.025757880612
-1.5 -0.3  -2.1   0.025757880612
-1.5 -0.3  -1.5   0.025757880612
-1.5 -0.3  -0.9   0.025757880612
-1.5 -0.3  -0.3   0.025757880612
-1.5 -0.3   0.3   0.025757880612
-1.5 -0.3   0.9   0.025757880612
-1.5 -0.3   1.5   0.025757880612
-1.5 -0.3   2.1   0.025757880612
-1.5  0.3  -2.1   0.025757880612
-1.5  0.3  -1.5   0.025757880612
-1.5  0.3  -0.9   0.025757880612
-1.5  0.3  -0.3   0.025757880612
-1.5  0.3   0.3   0.025757880612
-1.5  0.3   0.9   0.025757880612
-1.5  0.3   1.5   0.025757880612
-1.5  0.3   2.1   0.025757880612
-1.5  0.9  -2.1   0.025757880612
-1.5  0.9  -1.5   0.025757880612
-1.5  0.9  -0.9   0.025757880612
-1.5  0.9  -0.3   0.025757880612
-1.5  0.9   0.3   0.025757880612
-1.5  0.9   0.9   0.025757880612
-1.5  0.9   1.5   0.025757880612
-1.5  0.9   2.1   0.025757880612
-1.5  1.5  -2.1   0.025757880612
-1.5  1.5  -1.5   0.025757880612
-1.5  1.5  -0.9   0.025757880612
-1.5  1.5  -0.3   0.025757880612
-1.5  1.5   0.3   0.025757880612
-1.5  1.5   0.9   0.025757880612
-1.5  1.5   1.5   0.025757880612
-1.5  1.5   2.1   0.025757880612
-1.5  2.1  -2.1   0.025757880612
-1.5  2.1  -1.5   0.025757880612
-1.5  2.1  -0.9   0.025757880612
-1.5  2.1  -0.3   0.025757880612
-1.5  2.1   0.3   0.025757880612
-1.5  2.1   0.9   0.025757880612
-1.5  2.1   1.5   0.025757880612
-1.5  2.1   2.1   0.025757880612
-0.9 -2.1  -2.1   0.025757880612
-0.9 -2.1  -1.5   0.025757880612
-0.9 -2.1  -0.9   0.025757880612
-0.9 -2.1  -0.3   0.025757880612
-0.9 -2.1   0.3   0.025757880612
-0.9 -2.1   0.9   0.025757880612
-0.9 -2.1   1.5   0.025757880612
-0.9 -2.1   2.1   0.025757880612
-0.9 -1.5  -2.1   0.025757880612
-0.9 -1.5  -1.5   0.025757880612
-0.9 -1.5  -0.9   0.025757880612
-0.9 -1.5  -0.3   0.025757880612
-0.9 -1.5   0.3   0.025757880612
-0.9 -1.5   0.9   0.025757880612
-0.9 -1.5   1.5   0.025757880612
-0.9 -1.5   2.1   0.025757880612
-0.9 -0.9  -2.1   0.025757880612
-0.9 -0.9  -1.5   0.025757880612
-0.9 -0.9  -0.9   0.025757880612
-0.9 -0.9  -0.3   0.025757880612
-0.9 -0.9   0.3   0.025757880612
-0.9 -0.9   0.9   0.025757880612
-0.9 -0.9   1.5   0.025757880612
-0.9 -0.9   2.1   0.025757880612
-0.9 -0.3  -2.1   0.025757880612
-0.9 -0.3  -1.5   0.025757880612
-0.9 -0.3  -0.9   0.025757880612
-0.9 -0.3  -0.3  -0.025757880612
-0.9 -0.3   0.3  -0.025757880612
-0.9 -0.3   0.9   0.025757880612
-0.9 -0.3   1.5   0.025757880612
-0.9 -0.3   2.1   0.025757880612
-0.9  0.3  -2.1   0.025757880612
-0.9  0.3  -1.5   0.025757880612
-0.9  0.3  -0.9   0.013184325739
-0.9  0.3  -0.3  -0.025757880612
-0.9  0.3   0.3   0.025757880612
-0.9  0.3   0.9   0.025757880612
-0.9  0.3   1.5   0.025757880612
-0.9  0.3   2.1   0.025757880612
-0.9  0.9  -2.1   0.025757880612
-0.9  0.9  -1.5   0.025757880612
-0.9  0.9  -0.9  -0.025757880612
-0.9  0.9  -0.3  -0.025757880612
-0.9  0.9   0.3   0.025757880612
-0.9  0.9   0.9   0.025757880612
-0.9  0.9   1.5   0.025757880612
-0.9  0.9   2.1   0.025757880612
-0.9  1.5  -2.1   0.025757880612
-0.9  1.5  -1.5  -0.016667486660
-0.9  1.5  -0.9  -0.025757880612
-0.9  1.5  -0.3   0.025757880612
-0.9  1.5   0.3   0.025757880612
-0.9  1.5   0.9   0.025757880612
-0.9  1.5   1.5   0.025757880612
-0.9  1.5   2.1   0.025757880612
-0.9  2.1  -2.1   0.025757880612
-0.9  2.1  -1.5   0.025757880612
-0.9  2.1  -0.9   0.025757880612
-0.9  2.1  -0.3   0.025757880612
-0.9  2.1   0.3   0.025757880612
-0.9  2.1   0.9   0.025757880612
-0.9  2.1   1.5   0.025757880612
-0.9  2.1   2.1   0.025757880612
-0.3 -2.1  -2.1   0.025757880612
-0.3 -2.1  -1.5   0.025757880612
-0.3 -2.1  -0.9   0.025757880612
-0.3 -2.1  -0.3   0.025757880612
-0.3 -2.1   0.3   0.025757880612
-0.3 -2.1   0.9   0.025757880612
-0.3 -2.1   1.5   0.025757880612
-0.3 -2.1   2.1   0.025757880612
-0.3 -1.5  -2.1   0.025757880612
-0.3 -1.5  -1.5   0.025757880612
-0.3 -1.5  -0.9   0.025757880612
-0.3 -1.5  -0.3   0.025757880612
-0.3 -1.5   0.3   0.025757880612
-0.3 -1.5   0.9   0.025757880612
-0.3 -1.5   1.5   0.025757880612
-0.3 -1.5   2.1   0.025757880612
-0.3 -0.9  -2.1   0.025757880612
-0.3 -0.9  -1.5   0.025757880612
-0.3 -0.9  -0.9   0.025224383389
-0.3 -0.9  -0.3   0.025757880612
-0.3 -0.9   0.3   0.025757880612
-0.3 -0.9   0.9   0.025757880612
-0.3 -0.9   1.5   0.025757880612
-0.3 -0.9   2.1   0.025757880612
-0.3 -0.3  -2.1   0.025757880612
-0.3 -0.3  -1.5   0.025757880612
-0.3 -0.3  -0.9  -0.025757880612
-0.3 -0.3  -0.3  -0.025757880612
-0.3 -0.3   0.3  -0.025757880612
-0.3 -0.3   0.9   0.025757880612
-0.3 -0.3   1.5   0.025757880612
-0.3 -0.3   2.1   0.025757880612
-0.3  0.3  -2.1   0.025757880612
-0.3  0.3  -1.5  -0.013534813220
-0.3  0.3  -0.9  -0.025757880612
-0.3  0.3  -0.3  -0.025757880612
-0.3  0.3   0.3  -0.025757880612
-0.3  0.3   0.9   0.025757880612
-0.3  0.3   1.5   0.025757880612
-0.3  0.3   2.1   0.025757880612
-0.3  0.9  -2.1   0.004068946642
-0.3  0.9  -1.5  -0.025757880612
-0.3  0.9  -0.9  -0.025757880612
-0.3  0.9  -0.3  -0.025757880612
-0.3  0.9   0.3   0.010325767664
-0.3  0.9   0.9   0.025757880612
-0.3  0.9   1.5   0.025757880612
-0.3  0.9   2.1   0.025757880612
-0.3  1.5  -2.1  -0.025757880612
-0.3  1.5  -1.5  -0.025757880612
-0.3  1.5  -0.9  -0.025757880612
-0.3  1.5  -0.3  -0.025757880612
-0.3  1.5   0.3   0.025757880612
-0.3  1.5   0.9   0.025757880612
-0.3  1.5   1.5   0.025757880612
-0.3  1.5   2.1   0.025757880612
-0.3  2.1  -2.1   0.025757880612
-0.3  2.1  -1.5   0.025757880612
-0.3  2.1  -0.9   0.016260280326
-0.3  2.1  -0.3   0.025757880612
-0.3  2.1   0.3   0.025757880612
-0.3  2.1   0.9   0.025757880612
-0.3  2.1   1.5   0.025757880612
-0.3  2.1   2.1   0.025757880612
 0.3 -2.1  -2.1   0.025757880612
 0.3 -2.1  -1.5   0.025757880612
 0.3 -2.1  -0.9   0.025757880612
 0.3 -2.1  -0.3   0.025757880612
 0.3 -2.1   0.3   0.025757880612
 0.3 -2.1   0.9   0.025757880612
 0.3 -2.1   1.5   0.025757880612
 0.3 -2.1   2.1   0.025757880612
 0.3 -1.5  -2.1   0.025757880612
 0.3 -1.5  -1.5   0.025757880612
 0.3 -1.5  -0.9   0.025757880612
 0.3 -1.5  -0.3   0.025757880612
 0.3 -1.5   0.3   0.025757880612
 0.3 -1.5   0.9   0.025757880612
 0.3 -1.5   1.5   0.025757880612
 0.3 -1.5   2.1   0.025757880612
 0.3 -0.9  -2.1   0.025757880612
 0.3 -0.9  -1.5   0.025757880612
 0.3 -0.9  -0.9   0.025757880612
 0.3 -0.9  -0.3   0.025757880612
 0.3 -0.9   0.3   0.025757880612
 0.3 -0.9   0.9   0.025757880612
 0.3 -0.9   1.5   0.025757880612
 0.3 -0.9   2.1   0.025757880612
 0.3 -0.3  -2.1   0.025757880612
 0.3 -0.3  -1.5   0.025757880612
 0.3 -0.3  -0.9  -0.025757880612
 0.3 -0.3  -0.3   0.022326982430
 0.3 -0.3   0.3   0.025757880612
 0.3 -0.3   0.9   0.025757880612
 0.3 -0.3   1.5   0.025757880612
 0.3 -0.3   2.1   0.025757880612
 0.3  0.3  -2.1   0.025757880612
 0.3  0.3  -1.5  -0.025757880612
 0.3  0.3  -0.9  -0.025757880612
 0.3  0.3  -0.3  -0.025757880612
 0.3  0.3   0.3  -0.025757880612
 0.3  0.3   0.9   0.025757880612
 0.3  0.3   1.5   0.025757880612
 0.3  0.3   2.1   0.025757880612
 0.3  0.9  -2.1  -0.025757880612
 0.3  0.9  -1.5  -0.025757880612
 0.3  0.9  -0.9  -0.025757880612
 0.3  0.9  -0.3  -0.025757880612
 0.3  0.9   0.3  -0.025757880612
 0.3  0.9   0.9   0.025757880612
 0.3  0.9   1.5   0.025757880612
 0.3  0.9   2.1   0.025757880612
 0.3  1.5  -2.1  -0.025757880612
 0.3  1.5  -1.5  -0.025757880612
 0.3  1.5  -0.9  -0.025757880612
 0.3  1.5  -0.3  -0.025757880612
 0.3  1.5   0.3  -0.025757880612
 0.3  1.5   0.9   0.025757880612
 0.3  1.5   1.5   0.025757880612
 0.3  1.5   2.1   0.025757880612
 0.3  2.1  -2.1  -0.025404868858
 0.3  2.1  -1.5  -0.025757880612
 0.3  2.1  -0.9  -0.025757880612
 0.3  2.1  -0.3  -0.025757880612
 0.3  2.1   0.3   0.025757880612
 0.3  2.1   0.9   0.025757880612
 0.3  2.1   1.5   0.025757880612
 0.3  2.1   2.1   0.025757880612
 0.9 -2.1  -2.1   0.025757880612
 0.9 -2.1  -1.5   0.025757880612
 0.9 -2.1  -0.9   0.025757880612
 0.9 -2.1  -0.3   0.025757880612
 0.9 -2.1   0.3   0.025757880612
 0.9 -2.1   0.9   0.025757880612
 0.9 -2.1   1.5   0.025757880612
 0.9 -2.1   2.1   0.025757880612
 0.9 -1.5  -2.1   0.025757880612
 0.9 -1.5  -1.5   0.025757880612
 0.9 -1.5  -0.9   0.025757880612
 0.9 -1.5  -0.3   0.025757880612
 0.9 -1.5   0.3   0.025757880612
 0.9 -1.5   0.9   0.025757880612
 0.9 -1.5   1.5   0.025757880612
 0.9 -1.5   2.1   0.025757880612
 0.9 -0.9  -2.1   0.025757880612
 0.9 -0.9  -1.5   0.025757880612
 0.9 -0.9  -0.9   0.025757880612
 0.9 -0.9  -0.3   0.025757880612
 0.9 -0.9   0.3   0.025757880612
 0.9 -0.9   0.9   0.025757880612
 0.9 -0.9   1.5   0.025757880612
 0.9 -0.9   2.1   0.025757880612
 0.9 -0.3  -2.1   0.025757880612
 0.9 -0.3  -1.5   0.025757880612
 0.9 -0.3  -0.9   0.025757880612
 0.9 -0.3  -0.3   0.025757880612
 0.9 -0.3   0.3   0.025757880612
 0.9 -0.3   0.9   0.025757880612
 0.9 -0.3   1.5   0.025757880612
 0.9 -0.3   2.1   0.025757880612
 0.9  0.3  -2.1   0.025757880612
 0.9  0.3  -1.5  -0.025757880612
 0.9  0.3  -0.9  -0.025757880612
 0.9  0.3  -0.3  -0.004543329530
 0.9  0.3   0.3   0.025757880612
 0.9  0.3   0.9   0.025757880612
 0.9  0.3   1.5   0.025757880612
 0.9  0.3   2.1   0.025757880612
 0.9  0.9  -2.1  -0.014311516352
 0.9  0.9  -1.5  -0.025757880612
 0.9  0.9  -0.9  -0.025757880612
 0.9  0.9  -0.3  -0.025757880612
 0.9  0.9   0.3  -0.025757880612
 0.9  0.9   0.9  -0.011059506651
 0.9  0.9   1.5   0.025757880612
 0.9  0.9   2.1   0.025757880612
 0.9  1.5  -2.1  -0.025757880612
 0.9  1.5  -1.5  -0.025757880612
 0.9  1.5  -0.9  -0.025757880612
 0.9  1.5  -0.3  -0.025757880612
 0.9  1.5   0.3  -0.025757880612
 0.9  1.5   0.9  -0.025757880612
 0.9  1.5   1.5   0.025757880612
 0.9  1.5   2.1   0.025757880612
 0.9  2.1  -2.1  -0.025757880612
 0.9  2.1  -1.5  -0.025757880612
 0.9  2.1  -0.9  -0.025757880612
 0.9  2.1  -0.3  -0.025757880612
 0.9  2.1   0.3  -0.025757880612
 0.9  2.1   0.9  -0.025757880612
 0.9  2.1   1.5   0.025757880612
 0.9  2.1   2.1   0.025757880612
 1.5 -2.1  -2.1   0.025757880612
 1.5 -2.1  -1.5   0.025757880612
 1.5 -2.1  -0.9   0.025757880612
 1.5 -2.1  -0.3   0.025757880612
 1.5 -2.1   0.3   0.025757880612
 1.5 -2.1   0.9   0.025757880612
 1.5 -2.1   1.5   0.025757880612
 1.5 -2.1   2.1   0.025757880612
 1.5 -1.5  -2.1   0.025757880612
 1.5 -1.5  -1.5   0.025757880612
 1.5 -1.5  -0.9   0.025757880612
 1.5 -1.5  -0.3   0.025757880612
 1.5 -1.5   0.3   0.025757880612
 1.5 -1.5   0.9   0.025757880612
 1.5 -1.5   1.5   0.025757880612
 1.5 -1.5   2.1   0.025757880612
 1.5 -0.9  -2.1   0.025757880612
 1.5 -0.9  -1.5   0.025757880612
 1.5 -0.9  -0.9   0.025757880612
 1.5 -0.9  -0.3   0.025757880612
 1.5 -0.9   0.3   0.025757880612
 1.5 -0.9   0.9   0.025757880612
 1.5 -0.9   1.5   0.025757880612
 1.5 -0.9   2.1   0.025757880612
 1.5 -0.3  -2.1   0.025757880612
 1.5 -0.3  -1.5   0.025757880612
 1.5 -0.3  -0.9   0.025757880612
 1.5 -0.3  -0.3   0.025757880612
 1.5 -0.3   0.3   0.025757880612
 1.5 -0.3   0.9   0.025757880612
 1.5 -0.3   1.5   0.025757880612
 1.5 -0.3   2.1   0.025757880612
 1.5  0.3  -2.1   0.025757880612
 1.5  0.3  -1.5   0.025757880612
 1.5  0.3  -0.9   0.025757880612
 1.5  0.3  -0.3   0.025757880612
 1.5  0.3   0.3   0.025757880612
 1.5  0.3   0.9   0.025757880612
 1.5  0.3   1.5   0.025757880612
 1.5  0.3   2.1   0.025757880612
 1.5  0.9  -2.1   0.025757880612
 1.5  0.9  -1.5  -0.025149685535
 1.5  0.9  -0.9  -0.025757880612
 1.5  0.9  -0.3  -0.025757880612
 1.5  0.9   0.3  -0.025757880612
 1.5  0.9   0.9   0.025757880612
 1.5  0.9   1.5   0.025757880612
 1.5  0.9   2.1   0.025757880612
 1.5  1.5  -2.1   0.025757880612
 1.5  1.5  -1.5  -0.025757880612
 1.5  1.5  -0.9  -0.025757880612
 1.5  1.5  -0.3  -0.025757880612
 1.5  1.5   0.3  -0.025757880612
 1.5  1.5   0.9  -0.025757880612
 1.5  1.5   1.5  -0.020236266777
 1.5  1.5   2.1   0.025757880612
 1.5  2.1  -2.1  -0.025757880612
 1.5  2.1  -1.5  -0.025757880612
 1.5  2.1  -0.9  -0.025757880612
 1.5  2.1  -0.3  -0.025757880612
 1.5  2.1   0.3  -0.025757880612
 1.5  2.1   0.9  -0.025757880612
 1.5  2.1   1.5   0.025757880612
 1.5  2.1   2.1   0.025757880612
 2.1 -2.1  -2.1   0.025757880612
 2.1 -2.1  -1.5   0.025757880612
 2.1 -2.1  -0.9   0.025757880612
 2.1 -2.1  -0.3   0.025757880612
 2.1 -2.1   0.3   0.025757880612
 2.1 -2.1   0.9   0.025757880612
 2.1 -2.1   1.5   0.025757880612
 2.1 -2.1   2.1   0.025757880612
 2.1 -1.5  -2.1   0.025757880612
 2.1 -1.5  -1.5   0.025757880612
 2.1 -1.5  -0.9   0.025757880612
 2.1 -1.5  -0.3   0.025757880612
 2.1 -1.5   0.3   0.025757880612
 2.1 -1.5   0.9   0.025757880612
 2.1 -1.5   1.5   0.025757880612
 2.1 -1.5   2.1   0.025757880612
 2.1 -0.9  -2.1   0.025757880612
 2.1 -0.9  -1.5   0.025757880612
 2.1 -0.9  -0.9   0.025757880612
 2.1 -0.9  -0.3   0.025757880612
 2.1 -0.9   0.3   0.025757880612
 2.1 -0.9   0.9   0.025757880612
 2.1 -0.9   1.5   0.025757880612
 2.1 -0.9   2.1   0.025757880612
 2.1 -0.3  -2.1   0.025757880612
 2.1 -0.3  -1.5   0.025757880612
 2.1 -0.3  -0.9   0.025757880612
 2.1 -0.3  -0.3   0.025757880612
 2.1 -0.3   0.3   0.025757880612
 2.1 -0.3   0.9   0.025757880612
 2.1 -0.3   1.5   0.025757880612
 2.1 -0.3   2.1   0.025757880612
 2.1  0.3  -2.1   0.025757880612
 2.1  0.3  -1.5   0.025757880612
 2.1  0.3  -0.9   0.025757880612
 2.1  0.3  -0.3   0.025757880612
 2.1  0.3   0.3   0.025757880612
 2.1  0.3   0.9   0.025757880612
 2.1  0.3   1.5   0.025757880612
 2.1  0.3   2.1   0.025757880612
 2.1  0.9  -2.1   0.025757880612
 2.1  0.9  -1.5   0.025757880612
 2.1  0.9  -0.9  -0.025757880612
 2.1  0.9  -0.3  -0.025757880612
 2.1  0.9   0.3   0.025757880612
 2.1  0.9   0.9   0.025757880612
 2.1  0.9   1.5   0.025757880612
 2.1  0.9   2.1   0.025757880612
 2.1  1.5  -2.1   0.025757880612
 2.1  1.5  -1.5   0.025757880612
 2.1  1.5  -0.9  -0.025757880612
 2.1  1.5  -0.3  -0.025757880612
 2.1  1.5   0.3  -0.025757880612
 2.1  1.5   0.9  -0.025757880612
 2.1  1.5   1.5   0.025757880612
 2.1  1.5   2.1   0.025757880612
 2.1  2.1  -2.1   0.025757880612
 2.1  2.1  -1.5   0.025757880612
 2.1  2.1  -0.9   0.025757880612
 2.1  2.1  -0.3  -0.025757880612
 2.1  2.1   0.3  -0.025757880612
 2.1  2.1   0.9   0.025757880612
 2.1  2.1   1.5   0.025757880612
 2.1  2.1   2.1   0.025757880612
-2.1 -2.1  -2.1   0.025757880612
-2.1 -2.1  -1.5   0.025757880612
-2.1 -2.1  -0.9   0.025757880612
-2.1 -2.1  -0.3   0.025757880612
-2.1 -2.1   0.3   0.025757880612
-2.1 -2.1   0.9   0.025757880612
-2.1 -2.1   1.5   0.025757880612
-2.1 -2.1   2.1   0.025757880612
-2.1 -1.5  -2.1   0.025757880612
-2.1 -1.5  -1.5   0.025757880612
-2.1 -1.5  -0.9   0.025757880612
-2.1 -1.5  -0.3   0.025757880612
-2.1 -1.5   0.3   0.025757880612
-2.1 -1.5   0.9   0.025757880612
-2.1 -1.5   1.5   0.025757880612
-2.1 -1.5   2.1   0.025757880612
-2.1 -0.9  -2.1   0.025757880612
-2.1 -0.9  -1.5   0.025757880612
-2.1 -0.9  -0.9   0.025757880612
-2.1 -0.9  -0.3   0.025757880612
-2.1 -0.9   0.3   0.025757880612
-2.1 -0.9   0.9   0.025757880612
-2.1 -0.9   1.5   0.025757880612
-2.1 -0.9   2.1   0.025757880612
-2.1 -0.3  -2.1   0.025757880612
-2.1 -0.3  -1.5   0.025757880612
-2.1 -0.3  -0.9   0.025757880612
-2.1 -0.3  -0.3   0.025757880612
-2.1 -0.3   0.3   0.025757880612
-2.1 -0.3   0.9   0.025757880612
-2.1 -0.3   1.5   0.025757880612
-2.1 -0.3   2.1   0.025757880612
-2.1  0.3  -2.1   0.025757880612
-2.1  0.3  -1.5   0.025757880612
-2.1  0.3  -0.9   0.025757880612
-2.1  0.3  -0.3   0.025757880612
-2.1  0.3   0.3   0.025757880612
-2.1  0.3   0.9   0.025757880612
-2.1  0.3   1.5   0.025757880612
-2.1  0.3   2.1   0.025757880612
-2.1  0.9  -2.1   0.025757880612
-2.1  0.9  -1.5   0.025757880612
-2.1  0.9  -0.9   0.025757880612
-2.1  0.9  -0.3   0.025757880612
-2.1  0.9   0.3   0.025757880612
-2.1  0.9   0.9   0.025757880612
-2.1  0.9   1.5   0.025757880612
-2.1  0.9   2.1   0.025757880612
-2.1  1.5  -2.1   0.025757880612
-2.1  1.5  -1.5   0.025757880612
-2.1  1.5  -0.9   0.025757880612
-2.1  1.5  -0.3   0.025757880612
-2.1  1.5   0.3   0.025757880612
-2.1  1.5   0.9   0.025757880612
-2.1  1.5   1.5   0.025757880612
-2.1  1.5   2.1   0.025757880612
-2.1  2.1  -2.1   0.025757880612
-2.1  2.1  -1.5   0.025757880612
-2.1  2.1  -0.9  -0.009102963798
-2.1  2.1  -0.3   0.025757880612
-2.1  2.1   0.3   0.025757880612
-2.1  2.1   0.9   0.025757880612
-2.1  2.1   1.5   0.025757880612
-2.1  2.1   2.1   0.025757880612
-1.5 -2.1  -2.1   0.025757880612
-1.5 -2.1  -1.5   0.025757880612
-1.5 -2.1  -0.9   0.025757880612
-1.5 -2.1  -0.3   0.025757880612
-1.5 -2.1   0.3   0.025757880612
-1.5 -2.1   0.9   0.025757880612
-1.5 -2.1   1.5   0.025757880612
-1.5 -2.1   2.1   0.025757880612
-1.5 -1.5  -2.1   0.025757880612
-1.5 -1.5  -1.5   0.025757880612
-1.5 -1.5  -0.9   0.025757880612
-1.5 -1.5  -0.3   0.025757880612
-1.5 -1.5   0.3   0.025757880612
-1.5 -1.5   0.9   0.025757880612
-1.5 -1.5   1.5   0.025757880612
-1.5 -1.5   2.1   0.025757880612
-1.5 -0.9  -2.1   0.025757880612
-1.5 -0.9  -1.5   0.025757880612
-1.5 -0.9  -0.9   0.025757880612
-1.5 -0.9  -0.3  -0.002157608869
-1.5 -0.9   0.3  -0.010420840001
-1.5 -0.9   0.9   0.025757880612
-1.5 -0.9   1.5   0.025757880612
-1.5 -0.9   2.1   0.025757880612
-1.5 -0.3  -2.1   0.025757880612
-1.5 -0.3  -1.5   0.025757880612
-1.5 -0.3  -0.9   0.025757880612
-1.5 -0.3  -0.3  -0.021265242592
-1.5 -0.3   0.3  -0.025757880612
-1.5 -0.3   0.9   0.025757880612
-1.5 -0.3   1.5   0.025757880612
-1.5 -0.3   2.1   0.025757880612
-1.5  0.3  -2.1   0.025757880612
-1.5  0.3  -1.5   0.025757880612
-1.5  0.3  -0.9   0.025757880612
-1.5  0.3  -0.3  -0.025757880612
-1.5  0.3   0.3  -0.025757880612
-1.5  0.3   0.9   0.025757880612
-1.5  0.3   1.5   0.025757880612
-1.5  0.3   2.1   0.025757880612
-1.5  0.9  -2.1   0.025757880612
-1.5  0.9  -1.5   0.025757880612
-1.5  0.9  -0.9   0.025757880612
-1.5  0.9  -0.3  -0.025757880612
-1.5  0.9   0.3   0.025757880612
-1.5  0.9   0.9   0.025757880612
-1.5  0.9   1.5   0.025757880612
-1.5  0.9   2.1   0.025757880612
-1.5  1.5  -2.1   0.025757880612
-1.5  1.5  -1.5   0.025757880612
-1.5  1.5  -0.9  -0.025757880612
-1.5  1.5  -0.3  -0.025351112161
-1.5  1.5   0.3   0.025757880612
-1.5  1.5   0.9   0.025757880612
-1.5  1.5   1.5   0.025757880612
-1.5  1.5   2.1   0.025757880612
-1.5  2.1  -2.1   0.025757880612
-1.5  2.1  -1.5  -0.025757880612
-1.5  2.1  -0.9  -0.025757880612
-1.5  2.1  -0.3   0.025757880612
-1.5  2.1   0.3   0.025757880612
-1.5  2.1   0.9   0.025757880612
-1.5  2.1   1.5   0.025757880612
-1.5  2.1   2.1   0.025757880612
-0.9 -2.1  -2.1   0.025757880612
-0.9 -2.1  -1.5   0.025757880612
-0.9 -2.1  -0.9   0.025757880612
-0.9 -2.1  -0.3   0.025757880612
-0.9 -2.1   0.3   0.025757880612
-0.9 -2.1   0.9   0.025757880612
-0.9 -2.1   1.5   0.025757880612
-0.9 -2.1   2.1   0.025757880612
-0.9 -1.5  -2.1   0.025757880612
-0.9 -1.5  -1.5   0.025757880612
-0.9 -1.5  -0.9   0.025757880612
-0.9 -1.5  -0.3   0.025757880612
-0.9 -1.5   0.3   0.025757880612
-0.9 -1.5   0.9   0.025757880612
-0.9 -1.5   1.5   0.025757880612
-0.9 -1.5   2.1   0.025757880612
-0.9 -0.9  -2.1   0.025757880612
-0.9 -0.9  -1.5   0.025757880612
-0.9 -0.9  -0.9  -0.025757880612
-0.9 -0.9  -0.3  -0.025757880612
-0.9 -0.9   0.3  -0.025757880612
-0.9 -0.9   0.9   0.025757880612
-0.9 -0.9   1.5   0.025757880612
-0.9 -0.9   2.1   0.025757880612
-0.9 -0.3  -2.1   0.025757880612
-0.9 -0.3  -1.5   0.025757880612
-0.9 -0.3  -0.9  -0.025757880612
-0.9 -0.3  -0.3  -0.025757880612
-0.9 -0.3   0.3  -0.025757880612
-0.9 -0.3   0.9   0.004225168188
-0.9 -0.3   1.5   0.025757880612
-0.9 -0.3   2.1   0.025757880612
-0.9  0.3  -2.1   0.025757880612
-0.9  0.3  -1.5   0.025757880612
-0.9  0.3  -0.9  -0.025757880612
-0.9  0.3  -0.3  -0.025757880612
-0.9  0.3   0.3  -0.025757880612
-0.9  0.3   0.9   0.025757880612
-0.9  0.3   1.5   0.025757880612
-0.9  0.3   2.1   0.025757880612
-0.9  0.9  -2.1   0.025757880612
-0.9  0.9  -1.5  -0.021371365060
-0.9  0.9  -0.9  -0.025757880612
-0.9  0.9  -0.3  -0.025757880612
-0.9  0.9   0.3  -0.011568611161
-0.9  0.9   0.9   0.025757880612
-0.9  0.9   1.5   0.025757880612
-0.9  0.9   2.1   0.025757880612
-0.9  1.5  -2.1  -0.025757880612
-0.9  1.5  -1.5  -0.025757880612
-0.9  1.5  -0.9  -0.025757880612
-0.9  1.5  -0.3  -0.025757880612
-0.9  1.5   0.3   0.025757880612
-0.9  1.5   0.9   0.025757880612
-0.9  1.5   1.5   0.025757880612
-0.9  1.5   2.1   0.025757880612
-0.9  2.1  -2.1  -0.017638610275
-0.9  2.1  -1.5  -0.025757880612
-0.9  2.1  -0.9  -0.025757880612
-0.9  2.1  -0.3   0.025757880612
-0.9  2.1   0.3   0.025757880612
-0.9  2.1   0.9   0.025757880612
-0.9  2.1   1.5   0.025757880612
-0.9  2.1   2.1   0.025757880612
-0.3 -2.1  -2.1   0.025757880612
-0.3 -2.1  -1.5   0.025757880612
-0.3 -2.1  -0.9   0.025757880612
-0.3 -2.1  -0.3   0.025757880612
-0.3 -2.1   0.3   0.025757880612
-0.3 -2.1   0.9   0.025757880612
-0.3 -2.1   1.5   0.025757880612
-0.3 -2.1   2.1   0.025757880612
-0.3 -1.5  -2.1   0.025757880612
-0.3 -1.5  -1.5   0.025757880612
-0.3 -1.5  -0.9   0.009963637621
-0.3 -1.5  -0.3   0.025757880612
-0.3 -1.5   0.3   0.025757880612
-0.3 -1.5   0.9   0.025757880612
-0.3 -1.5   1.5   0.025757880612
-0.3 -1.5   2.1   0.025757880612
-0.3 -0.9  -2.1   0.025757880612
-0.3 -0.9  -1.5   0.025757880612
-0.3 -0.9  -0.9  -0.025757880612
-0.3 -0.9  -0.3  -0.025757880612
-0.3 -0.9   0.3  -0.025313119288
-0.3 -0.9   0.9   0.025757880612
-0.3 -0.9   1.5   0.025757880612
-0.3 -0.9   2.1   0.025757880612
-0.3 -0.3  -2.1   0.025757880612
-0.3 -0.3  -1.5  -0.021076849453
-0.3 -0.3  -0.9  -0.025757880612
-0.3 -0.3  -0.3  -0.025757880612
-0.3 -0.3   0.3  -0.025757880612
-0.3 -0.3   0.9  -0.025757880612
-0.3 -0.3   1.5   0.025757880612
-0.3 -0.3   2.1   0.025757880612
-0.3  0.3  -2.1   0.025757880612
-0.3  0.3  -1.5  -0.025757880612
-0.3  0.3  -0.9  -0.025757880612
-0.3  0.3  -0.3  -0.025757880612
-0.3  0.3   0.3  -0.025757880612
-0.3  0.3   0.9   0.025757880612
-0.3  0.3   1.5   0.025757880612
-0.3  0.3   2.1   0.025757880612
-0.3  0.9  -2.1  -0.025757880612
-0.3  0.9  -1.5  -0.025757880612
-0.3  0.9  -0.9  -0.025757880612
-0.3  0.9  -0.3  -0.025757880612
-0.3  0.9   0.3  -0.025757880612
-0.3  0.9   0.9   0.025757880612
-0.3  0.9   1.5   0.025757880612
-0.3  0.9   2.1   0.025757880612
-0.3  1.5  -2.1  -0.025757880612
-0.3  1.5  -1.5  -0.025757880612
-0.3  1.5  -0.9  -0.025757880612
-0.3  1.5  -0.3  -0.025757880612
-0.3  1.5   0.3  -0.025757880612
-0.3  1.5   0.9   0.025757880612
-0.3  1.5   1.5   0.025757880612
-0.3  1.5   2.1   0.025757880612
-0.3  2.1  -2.1  -0.025757880612
-0.3  2.1  -1.5  -0.025757880612
-0.3  2.1  -0.9  -0.025757880612
-0.3  2.1  -0.3  -0.025757880612
-0.3  2.1   0.3   0.025757880612
-0.3  2.1   0.9   0.025757880612
-0.3  2.1   1.5   0.025757880612
-0.3  2.1   2.1   0.025757880612
 0.3 -2.1  -2.1   0.025757880612
 0.3 -2.1  -1.5   0.025757880612
 0.3 -2.1  -0.9   0.025757880612
 0.3 -2.1  -0.3   0.025757880612
 0.3 -2.1   0.3   0.025757880612
 0.3 -2.1   0.9   0.025757880612
 0.3 -2.1   1.5   0.025757880612
 0.3 -2.1   2.1   0.025757880612
 0.3 -1.5  -2.1   0.025757880612
 0.3 -1.5  -1.5   0.025757880612
 0.3 -1.5  -0.9   0.025757880612
 0.3 -1.5  -0.3   0.025757880612
 0.3 -1.5   0.3   0.025757880612
 0.3 -1.5   0.9   0.025757880612
 0.3 -1.5   1.5   0.025757880612
 0.3 -1.5   2.1   0.025757880612
 0.3 -0.9  -2.1   0.025757880612
 0.3 -0.9  -1.5   0.025757880612
 0.3 -0.9  -0.9  -0.025757880612
 0.3 -0.9  -0.3   0.025757880612
 0.3 -0.9   0.3   0.025757880612
 0.3 -0.9   0.9   0.025757880612
 0.3 -0.9   1.5   0.025757880612
 0.3 -0.9   2.1   0.025757880612
 0.3 -0.3  -2.1   0.025757880612
 0.3 -0.3  -1.5  -0.025757880612
 0.3 -0.3  -0.9  -0.025757880612
 0.3 -0.3  -0.3  -0.025757880612
 0.3 -0.3   0.3  -0.010287182359
 0.3 -0.3   0.9   0.025757880612
 0.3 -0.3   1.5   0.025757880612
 0.3 -0.3   2.1   0.025757880612
 0.3  0.3  -2.1  -0.018955095553
 0.3  0.3  -1.5  -0.025757880612
 0.3  0.3  -0.9  -0.025757880612
 0.3  0.3  -0.3  -0.025757880612
 0.3  0.3   0.3  -0.025757880612
 0.3  0.3   0.9  -0.025757880612
 0.3  0.3   1.5   0.025757880612
 0.3  0.3   2.1   0.025757880612
 0.3  0.9  -2.1  -0.025757880612
 0.3  0.9  -1.5  -0.025757880612
 0.3  0.9  -0.9  -0.025757880612
 0.3  0.9  -0.3  -0.025757880612
 0.3  0.9   0.3  -0.025757880612
 0.3  0.9   0.9  -0.025757880612
 0.3  0.9   1.5   0.025757880612
 0.3  0.9   2.1   0.025757880612
 0.3  1.5  -2.1  -0.025757880612
 0.3  1.5  -1.5  -0.025757880612
 0.3  1.5  -0.9  -0.025757880612
 0.3  1.5  -0.3  -0.025757880612
 0.3  1.5   0.3  -0.025757880612
 0.3  1.5   0.9  -0.013179380226
 0.3  1.5   1.5   0.025757880612
 0.3  1.5   2.1   0.025757880612
 0.3  2.1  -2.1  -0.025757880612
 0.3  2.1  -1.5  -0.025757880612
 0.3  2.1  -0.9  -0.025757880612
 0.3  2.1  -0.3  -0.025757880612
 0.3  2.1   0.3  -0.025757880612
 0.3  2.1   0.9   0.025757880612
 0.3  2.1   1.5   0.025757880612
 0.3  2.1   2.1   0.025757880612
 0.9 -2.1  -2.1   0.025757880612
 0.9 -2.1  -1.5   0.025757880612
 0.9 -2.1  -0.9   0.025757880612
 0.9 -2.1  -0.3   0.025757880612
 0.9 -2.1   0.3   0.025757880612
 0.9 -2.1   0.9   0.025757880612
 0.9 -2.1   1.5   0.025757880612
 0.9 -2.1   2.1   0.025757880612
 0.9 -1.5  -2.1   0.025757880612
 0.9 -1.5  -1.5   0.025757880612
 0.9 -1.5  -0.9   0.025757880612
 0.9 -1.5  -0.3   0.025757880612
 0.9 -1.5   0.3   0.025757880612
 0.9 -1.5   0.9   0.025757880612
 0.9 -1.5   1.5   0.025757880612
 0.9 -1.5   2.1   0.025757880612
 0.9 -0.9  -2.1   0.025757880612
 0.9 -0.9  -1.5   0.025757880612
 0.9 -0.9  -0.9   0.025757880612
 0.9 -0.9  -0.3   0.025757880612
 0.9 -0.9   0.3   0.025757880612
 0.9 -0.9   0.9   0.025757880612
 0.9 -0.9   1.5   0.025757880612
 0.9 -0.9   2.1   0.025757880612
 0.9 -0.3  -2.1   0.025757880612
 0.9 -0.3  -1.5  -0.025347068174
 0.9 -0.3  -0.9  -0.011627854287
 0.9 -0.3  -0.3   0.025757880612
 0.9 -0.3   0.3   0.025757880612
 0.9 -0.3   0.9   0.025757880612
 0.9 -0.3   1.5   0.025757880612
 0.9 -0.3   2.1   0.025757880612
 0.9  0.3  -2.1   0.002186071328
 0.9  0.3  -1.5  -0.025757880612
 0.9  0.3  -0.9  -0.025757880612
 0.9  0.3  -0.3  -0.025757880612
 0.9  0.3   0.3  -0.025757880612
 0.9  0.3   0.9   0.025757880612
 0.9  0.3   1.5   0.025757880612
 0.9  0.3   2.1   0.025757880612
 0.9  0.9  -2.1  -0.025757880612
 0.9  0.9  -1.5  -0.025757880612
 0.9  0.9  -0.9  -0.025757880612
 0.9  0.9  -0.3  -0.025757880612
 0.9  0.9   0.3  -0.025757880612
 0.9  0.9   0.9  -0.025757880612
 0.9  0.9   1.5  -0.025757880612
 0.9  0.9   2.1   0.025757880612
 0.9  1.5  -2.1  -0.025757880612
 0.9  1.5  -1.5  -0.025757880612
 0.9  1.5  -0.9  -0.025757880612
 0.9  1.5  -0.3  -0.025757880612
 0.9  1.5   0.3  -0.025757880612
 0.9  1.5   0.9  -0.025757880612
 0.9  1.5   1.5  -0.025757880612
 0.9  1.5   2.1   0.025757880612
 0.9  2.1  -2.1  -0.025757880612
 0.9  2.1  -1.5  -0.025757880612
 0.9  2.1  -0.9  -0.025757880612
 0.9  2.1  -0.3  -0.025757880612
 0.9  2.1   0.3  -0.025757880612
 0.9  2.1   0.9  -0.025757880612
 0.9  2.1   1.5  -0.025757880612
 0.9  2.1   2.1   0.025757880612
 1.5 -2.1  -2.1   0.025757880612
 1.5 -2.1  -1.5   0.025757880612
 1.5 -2.1  -0.9   0.025757880612
 1.5 -2.1  -0.3   0.025757880612
 1.5 -2.1   0.3   0.025757880612
 1.5 -2.1   0.9   0.025757880612
 1.5 -2.1   1.5   0.025757880612
 1.5 -2.1   2.1   0.025757880612
 1.5 -1.5  -2.1   0.025757880612
 1.5 -1.5  -1.5   0.025757880612
 1.5 -1.5  -0.9   0.025757880612
 1.5 -1.5  -0.3   0.025757880612
 1.5 -1.5   0.3   0.025757880612
 1.5 -1.5   0.9   0.025757880612
 1.5 -1.5   1.5   0.025757880612
 1.5 -1.5   2.1   0.025757880612
 1.5 -0.9  -2.1   0.025757880612
 1.5 -0.9  -1.5   0.025757880612
 1.5 -0.9  -0.9   0.025757880612
 1.5 -0.9  -0.3   0.025757880612
 1.5 -0.9   0.3   0.025757880612
 1.5 -0.9   0.9   0.025757880612
 1.5 -0.9   1.5   0.025757880612
 1.5 -0.9   2.1   0.025757880612
 1.5 -0.3  -2.1   0.025757880612
 1.5 -0.3  -1.5   0.025757880612
 1.5 -0.3  -0.9   0.025757880612
 1.5 -0.3  -0.3   0.025757880612
 1.5 -0.3   0.3   0.025757880612
 1.5 -0.3   0.9   0.025757880612
 1.5 -0.3   1.5   0.025757880612
 1.5 -0.3   2.1   0.025757880612
 1.5  0.3  -2.1   0.025757880612
 1.5  0.3  -1.5  -0.010467848133
 1.5  0.3  -0.9  -0.025757880612
 1.5  0.3  -0.3   0.004983840804
 1.5  0.3   0.3   0.025757880612
 1.5  0.3   0.9   0.025757880612
 1.5  0.3   1.5   0.025757880612
 1.5  0.3   2.1   0.025757880612
 1.5  0.9  -2.1   0.025757880612
 1.5  0.9  -1.5  -0.025757880612
 1.5  0.9  -0.9  -0.025757880612
 1.5  0.9  -0.3  -0.025757880612
 1.5  0.9   0.3  -0.025757880612
 1.5  0.9   0.9  -0.025757880612
 1.5  0.9   1.5   0.003862651777
 1.5  0.9   2.1   0.025757880612
 1.5  1.5  -2.1  -0.025757880612
 1.5  1.5  -1.5  -0.025757880612
 1.5  1.5  -0.9  -0.025757880612
 1.5  1.5  -0.3  -0.025757880612
 1.5  1.5   0.3  -0.025757880612
 1.5  1.5   0.9  -0.025757880612
 1.5  1.5   1.5  -0.025757880612
 1.5  1.5   2.1  -0.008421204214
 1.5  2.1  -2.1  -0.025757880612
 1.5  2.1  -1.5  -0.025757880612
 1.5  2.1  -0.9  -0.025757880612
 1.5  2.1  -0.3  -0.025757880612
 1.5  2.1   0.3  -0.025757880612
 1.5  2.1   0.9  -0.025757880612
 1.5  2.1   1.5  -0.025757880612
 1.5  2.1   2.1   0.025757880612
 2.1 -2.1  -2.1   0.025757880612
 2.1 -2.1  -1.5   0.025757880612
 2.1 -2.1  -0.9   0.025757880612
 2.1 -2.1  -0.3   0.025757880612
 2.1 -2.1   0.3   0.025757880612
 2.1 -2.1   0.9   0.025757880612
 2.1 -2.1   1.5   0.025757880612
 2.1 -2.1   2.1   0.025757880612
 2.1 -1.5  -2.1   0.025757880612
 2.1 -1.5  -1.5   0.025757880612
 2.1 -1.5  -0.9   0.025757880612
 2.1 -1.5  -0.3   0.025757880612
 2.1 -1.5   0.3   0.025757880612
 2.1 -1.5   0.9   0.025757880612
 2.1 -1.5   1.5   0.025757880612
 2.1 -1.5   2.1   0.025757880612
 2.1 -0.9  -2.1   0.025757880612
 2.1 -0.9  -1.5   0.025757880612
 2.1 -0.9  -0.9   0.025757880612
 2.1 -0.9  -0.3   0.025757880612
 2.1 -0.9   0.3   0.025757880612
 2.1 -0.9   0.9   0.025757880612
 2.1 -0.9   1.5   0.025757880612
 2.1 -0.9   2.1   0.025757880612
 2.1 -0.3  -2.1   0.025757880612
 2.1 -0.3  -1.5   0.025757880612
 2.1 -0.3  -0.9   0.025757880612
 2.1 -0.3  -0.3   0.025757880612
 2.1 -0.3   0.3   0.025757880612
 2.1 -0.3   0.9   0.025757880612
 2.1 -0.3   1.5   0.025757880612
 2.1 -0.3   2.1   0.025757880612
 2.1  0.3  -2.1   0.025757880612
 2.1  0.3  -1.5   0.025757880612
 2.1  0.3  -0.9   0.025757880612
 2.1  0.3  -0.3   0.025757880612
 2.1  0.3   0.3   0.025757880612
 2.1  0.3   0.9   0.025757880612
 2.1  0.3   1.5   0.025757880612
 2.1  0.3   2.1   0.025757880612
 2.1  0.9  -2.1   0.025757880612
 2.1  0.9  -1.5  -0.017590262733
 2.1  0.9  -0.9  -0.025757880612
 2.1  0.9  -0.3  -0.025757880612
 2.1  0.9   0.3  -0.025757880612
 2.1  0.9   0.9  -0.016225326882
 2.1  0.9   1.5   0.025757880612
 2.1  0.9   2.1   0.025757880612
 2.1  1.5  -2.1   0.025757880612
 2.1  1.5  -1.5  -0.025757880612
 2.1  1.5  -0.9  -0.025757880612
 2.1  1.5  -0.3  -0.025757880612
 2.1  1.5   0.3  -0.025757880612
 2.1  1.5   0.9  -0.025757880612
 2.1  1.5   1.5  -0.025757880612
 2.1  1.5   2.1   0.025757880612
 2.1  2.1  -2.1  -0.002901985861
 2.1  2.1  -1.5  -0.025755098761
 2.1  2.1  -0.9  -0.025757880612
 2.1  2.1  -0.3  -0.025757880612
 2.1  2.1   0.3  -0.025757880612
 2.1  2.1   0.9  -0.025757880612
 2.1  2.1   1.5   0.025757880612
 2.1  2.1   2.1   0.025757880612
