  -2.100   -2.100   -2.100         1.195897
  -2.100   -2.100   -1.500         0.044005
  -2.100   -2.100   -0.900        30.171169
  -2.100   -2.100   -0.300        36.882752
  -2.100   -2.100    0.300         7.567675
  -2.100   -2.100    0.900         3.761990
  -2.100   -2.100    1.500         3.119391
  -2.100   -2.100    2.100         2.526166
  -2.100   -1.500   -2.100        -2.507029
  -2.100   -1.500   -1.500       -21.823374
  -2.100   -1.500   -0.900       -63.568917
  -2.100   -1.500   -0.300       -14.912770
  -2.100   -1.500    0.300         0.079265
  -2.100   -1.500    0.900         1.899102
  -2.100   -1.500    1.500         1.969808
  -2.100   -1.500    2.100         1.348331
  -2.100   -0.900   -2.100        -1.081797
  -2.100   -0.900   -1.500       -11.796515
  -2.100   -0.900   -0.900       -44.957183
  -2.100   -0.900   -0.300       -17.303269
  -2.100   -0.900    0.300        -2.416874
  -2.100   -0.900    0.900         0.603089
  -2.100   -0.900    1.500         1.018801
  -2.100   -0.900    2.100         0.577600
  -2.100   -0.300   -2.100         0.644134
  -2.100   -0.300   -1.500        14.263667
  -2.100   -0.300   -0.900        30.032987
  -2.100   -0.300   -0.300         1.279616
  -2.100   -0.300    0.300        -0.892934
  -2.100   -0.300    0.900         0.068871
  -2.100   -0.300    1.500         0.324634
  -2.100   -0.300    2.100        -0.036536
  -2.100    0.300   -2.100        -7.288074
  -2.100    0.300   -1.500       -23.954794
  -2.100    0.300   -0.900       -26.662839
  -2.100    0.300   -0.300        -7.867100
  -2.100    0.300    0.300        -2.315770
  -2.100    0.300    0.900        -0.556970
  -2.100    0.300    1.500        -0.188637
  -2.100    0.300    2.100        -0.611830
  -2.100    0.900   -2.100       -15.062698
  -2.100    0.900   -1.500       -88.548602
  -2.100    0.900   -0.900      -133.156159
  -2.100    0.900   -0.300       -19.392846
  -2.100    0.900    0.300        -4.067087
  -2.100    0.900    0.900        -0.812955
  -2.100    0.900    1.500        -0.175175
  -2.100    0.900    2.100        -0.789810
  -2.100    1.500   -2.100       -10.528467
  -2.100    1.500   -1.500       -28.586716
  -2.100    1.500   -0.900       -32.285286
  -2.100    1.500   -0.300       -11.517455
  -2.100    1.500    0.300        -2.605730
  -2.100    1.500    0.900         0.297363
  -2.100    1.500    1.500         1.192885
  -2.100    1.500    2.100         0.579914
  -2.100    2.100   -2.100        -4.753811
  -2.100    2.100   -1.500        -7.956010
  -2.100    2.100   -0.900        -7.724341
  -2.100    2.100   -0.300        -3.514480
  -2.100    2.100    0.300         0.267579
  -2.100    2.100    0.900         2.978883
  -2.100    2.100    1.500         5.060717
  -2.100    2.100    2.100         5.186222
  -1.500   -2.100   -2.100         0.081284
  -1.500   -2.100   -1.500        -2.627667
  -1.500   -2.100   -0.900        64.837171
  -1.500   -2.100   -0.300        75.117650
  -1.500   -2.100    0.300         8.240299
  -1.500   -2.100    0.900         3.816480
  -1.500   -2.100    1.500         3.158819
  -1.500   -2.100    2.100         2.423940
  -1.500   -1.500   -2.100        -5.014244
  -1.500   -1.500   -1.500       -44.417634
  -1.500   -1.500   -0.900      -354.982450
  -1.500   -1.500   -0.300       -34.743518
  -1.500   -1.500    0.300        -1.473248
  -1.500   -1.500    0.900         1.737205
  -1.500   -1.500    1.500         2.120763
  -1.500   -1.500    2.100         1.599814
  -1.500   -0.900   -2.100        -4.872320
  -1.500   -0.900   -1.500       -37.282162
  -1.500   -0.900   -0.900      -208.533724
  -1.500   -0.900   -0.300       -38.684373
  -1.500   -0.900    0.300        -4.820905
  -1.500   -0.900    0.900         0.236945
  -1.500   -0.900    1.500         1.080576
  -1.500   -0.900    2.100         0.755734
  -1.500   -0.300   -2.100        -2.649468
  -1.500   -0.300   -1.500        -7.106077
  -1.500   -0.300   -0.900       -12.909506
  -1.500   -0.300   -0.300        -8.265270
  -1.500   -0.300    0.300        -2.557074
  -1.500   -0.300    0.900        -0.231186
  -1.500   -0.300    1.500         0.313141
  -1.500   -0.300    2.100        -0.091581
  -1.500    0.300   -2.100        -4.974344
  -1.500    0.300   -1.500        -9.932555
  -1.500    0.300   -0.900       -10.822845
  -1.500    0.300   -0.300        -6.004440
  -1.500    0.300    0.300        -2.272104
  -1.500    0.300    0.900        -0.526895
  -1.500    0.300    1.500        -0.220481
  -1.500    0.300    2.100        -1.171163
  -1.500    0.900   -2.100        -7.702268
  -1.500    0.900   -1.500       -17.039474
  -1.500    0.900   -0.900       -18.570446
  -1.500    0.900   -0.300        -8.645091
  -1.500    0.900    0.300        -2.783953
  -1.500    0.900    0.900        -0.545214
  -1.500    0.900    1.500        -0.347582
  -1.500    0.900    2.100        -2.522763
  -1.500    1.500   -2.100        -6.290536
  -1.500    1.500   -1.500       -11.546321
  -1.500    1.500   -0.900       -12.048460
  -1.500    1.500   -0.300        -6.352051
  -1.500    1.500    0.300        -1.882102
  -1.500    1.500    0.900         0.292481
  -1.500    1.500    1.500         0.533468
  -1.500    1.500    2.100        -2.602911
  -1.500    2.100   -2.100        -3.563516
  -1.500    2.100   -1.500        -5.343950
  -1.500    2.100   -0.900        -5.162709
  -1.500    2.100   -0.300        -2.767765
  -1.500    2.100    0.300        -0.036032
  -1.500    2.100    0.900         2.201408
  -1.500    2.100    1.500         3.403798
  -1.500    2.100    2.100         1.677024
  -0.900   -2.100   -2.100         1.284187
  -0.900   -2.100   -1.500         0.215207
  -0.900   -2.100   -0.900         4.435438
  -0.900   -2.100   -0.300         7.779562
  -0.900   -2.100    0.300         4.845425
  -0.900   -2.100    0.900         4.451306
  -0.900   -2.100    1.500         4.738657
  -0.900   -2.100    2.100         3.958219
  -0.900   -1.500   -2.100        -0.140656
  -0.900   -1.500   -1.500        -2.388399
  -0.900   -1.500   -0.900        -5.199274
  -0.900   -1.500   -0.300        -3.802937
  -0.900   -1.500    0.300         1.104035
  -0.900   -1.500    0.900         2.823521
  -0.900   -1.500    1.500         3.407660
  -0.900   -1.500    2.100         2.815839
  -0.900   -0.900   -2.100         0.549728
  -0.900   -0.900   -1.500        15.691523
  -0.900   -0.900   -0.900       139.383092
  -0.900   -0.900   -0.300         1.303912
  -0.900   -0.900    0.300        -0.325769
  -0.900   -0.900    0.900         1.358655
  -0.900   -0.900    1.500         1.900360
  -0.900   -0.900    2.100         1.463096
  -0.900   -0.300   -2.100         0.052699
  -0.900   -0.300   -1.500         4.028238
  -0.900   -0.300   -0.900         9.152145
  -0.900   -0.300   -0.300         1.007522
  -0.900   -0.300    0.300        -0.186853
  -0.900   -0.300    0.900         0.608744
  -0.900   -0.300    1.500         0.882515
  -0.900   -0.300    2.100         0.311004
  -0.900    0.300   -2.100        -1.789280
  -0.900    0.300   -1.500        -2.267191
  -0.900    0.300   -0.900        -2.047810
  -0.900    0.300   -0.300        -1.562946
  -0.900    0.300    0.300        -0.609703
  -0.900    0.300    0.900         0.266472
  -0.900    0.300    1.500         0.415714
  -0.900    0.300    2.100        -0.964642
  -0.900    0.900   -2.100        -3.096563
  -0.900    0.900   -1.500        -4.681401
  -0.900    0.900   -0.900        -4.692699
  -0.900    0.900   -0.300        -2.877491
  -0.900    0.900    0.300        -0.942045
  -0.900    0.900    0.900         0.344566
  -0.900    0.900    1.500         0.594921
  -0.900    0.900    2.100        -2.847896
  -0.900    1.500   -2.100        -3.002677
  -0.900    1.500   -1.500        -4.283304
  -0.900    1.500   -0.900        -4.184993
  -0.900    1.500   -0.300        -2.510045
  -0.900    1.500    0.300        -0.567830
  -0.900    1.500    0.900         0.903647
  -0.900    1.500    1.500         1.326389
  -0.900    1.500    2.100        -4.488017
  -0.900    2.100   -2.100        -2.179164
  -0.900    2.100   -1.500        -2.870651
  -0.900    2.100   -0.900        -2.621109
  -0.900    2.100   -0.300        -1.361877
  -0.900    2.100    0.300         0.296346
  -0.900    2.100    0.900         1.842131
  -0.900    2.100    1.500         2.445552
  -0.900    2.100    2.100        -2.071097
  -0.300   -2.100   -2.100         3.570168
  -0.300   -2.100   -1.500         3.526171
  -0.300   -2.100   -0.900         3.223464
  -0.300   -2.100   -0.300         2.770684
  -0.300   -2.100    0.300         4.023576
  -0.300   -2.100    0.900         7.325108
  -0.300   -2.100    1.500        11.016537
  -0.300   -2.100    2.100         9.735003
  -0.300   -1.500   -2.100         3.369117
  -0.300   -1.500   -1.500        10.411549
  -0.300   -1.500   -0.900        19.487409
  -0.300   -1.500   -0.300         6.734718
  -0.300   -1.500    0.300         3.575023
  -0.300   -1.500    0.900         5.175181
  -0.300   -1.500    1.500         7.071758
  -0.300   -1.500    2.100         6.055163
  -0.300   -0.900   -2.100         3.958504
  -0.300   -0.900   -1.500        24.116864
  -0.300   -0.900   -0.900        87.135994
  -0.300   -0.900   -0.300        12.956925
  -0.300   -0.900    0.300         3.143946
  -0.300   -0.900    0.900         2.983433
  -0.300   -0.900    1.500         3.479086
  -0.300   -0.900    2.100         2.767279
  -0.300   -0.300   -2.100         2.206005
  -0.300   -0.300   -1.500         8.597870
  -0.300   -0.300   -0.900        14.949995
  -0.300   -0.300   -0.300         5.910549
  -0.300   -0.300    0.300         2.002093
  -0.300   -0.300    0.900         1.721398
  -0.300   -0.300    1.500         1.838199
  -0.300   -0.300    2.100         1.242827
  -0.300    0.300   -2.100         0.129428
  -0.300    0.300   -1.500         1.036519
  -0.300    0.300   -0.900         1.697612
  -0.300    0.300   -0.300         1.138459
  -0.300    0.300    0.300         0.883951
  -0.300    0.300    0.900         1.302342
  -0.300    0.300    1.500         1.819044
  -0.300    0.300    2.100         1.266659
  -0.300    0.900   -2.100        -0.989139
  -0.300    0.900   -1.500        -1.129540
  -0.300    0.900   -0.900        -0.916498
  -0.300    0.900   -0.300        -0.379507
  -0.300    0.900    0.300         0.430413
  -0.300    0.900    0.900         1.616014
  -0.300    0.900    1.500         3.885096
  -0.300    0.900    2.100         7.369014
  -0.300    1.500   -2.100        -1.315034
  -0.300    1.500   -1.500        -1.570786
  -0.300    1.500   -0.900        -1.352449
  -0.300    1.500   -0.300        -0.608566
  -0.300    1.500    0.300         0.496327
  -0.300    1.500    0.900         2.137598
  -0.300    1.500    1.500         6.482062
  -0.300    1.500    2.100        28.613607
  -0.300    2.100   -2.100        -1.271501
  -0.300    2.100   -1.500        -1.421280
  -0.300    2.100   -0.900        -1.122328
  -0.300    2.100   -0.300        -0.349813
  -0.300    2.100    0.300         0.761443
  -0.300    2.100    0.900         2.235602
  -0.300    2.100    1.500         4.712608
  -0.300    2.100    2.100         7.776683
   0.300   -2.100   -2.100         6.069346
   0.300   -2.100   -1.500         3.340187
   0.300   -2.100   -0.900        -2.084595
   0.300   -2.100   -0.300        -3.104904
   0.300   -2.100    0.300         3.256355
   0.300   -2.100    0.900        14.860874
   0.300   -2.100    1.500        43.551222
   0.300   -2.100    2.100        39.397888
   0.300   -1.500   -2.100         2.979742
   0.300   -1.500   -1.500         4.025160
   0.300   -1.500   -0.900         3.873541
   0.300   -1.500   -0.300         1.958544
   0.300   -1.500    0.300         3.395465
   0.300   -1.500    0.900         8.623359
   0.300   -1.500    1.500        16.206621
   0.300   -1.500    2.100        13.651514
   0.300   -0.900   -2.100         2.702610
   0.300   -0.900   -1.500         6.086830
   0.300   -0.900   -0.900         8.367529
   0.300   -0.900   -0.300         4.615513
   0.300   -0.900    0.300         2.983520
   0.300   -0.900    0.900         4.075211
   0.300   -0.900    1.500         5.291898
   0.300   -0.900    2.100         4.002834
   0.300   -0.300   -2.100         1.783555
   0.300   -0.300   -1.500         3.817093
   0.300   -0.300   -0.900         5.006203
   0.300   -0.300   -0.300         3.286246
   0.300   -0.300    0.300         2.094050
   0.300   -0.300    0.900         2.206406
   0.300   -0.300    1.500         2.479247
   0.300   -0.300    2.100         1.950113
   0.300    0.300   -2.100         0.618406
   0.300    0.300   -1.500         1.229538
   0.300    0.300   -0.900         1.605281
   0.300    0.300   -0.300         1.400777
   0.300    0.300    0.300         1.332853
   0.300    0.300    0.900         1.818784
   0.300    0.300    1.500         2.757098
   0.300    0.300    2.100         3.358893
   0.300    0.900   -2.100        -0.138659
   0.300    0.900   -1.500        -0.014533
   0.300    0.900   -0.900         0.199888
   0.300    0.900   -0.300         0.494411
   0.300    0.900    0.300         1.051384
   0.300    0.900    0.900         2.329459
   0.300    0.900    1.500         6.038440
   0.300    0.900    2.100        17.052329
   0.300    1.500   -2.100        -0.506105
   0.300    1.500   -1.500        -0.475759
   0.300    1.500   -0.900        -0.244271
   0.300    1.500   -0.300         0.228898
   0.300    1.500    0.300         1.055250
   0.300    1.500    0.900         2.870647
   0.300    1.500    1.500         9.946962
   0.300    1.500    2.100        87.155933
   0.300    2.100   -2.100        -0.716115
   0.300    2.100   -1.500        -0.625949
   0.300    2.100   -0.900        -0.316491
   0.300    2.100   -0.300         0.231878
   0.300    2.100    0.300         1.073457
   0.300    2.100    0.900         2.574609
   0.300    2.100    1.500         6.587140
   0.300    2.100    2.100        19.549016
   0.900   -2.100   -2.100         4.378629
   0.900   -2.100   -1.500        -2.028901
   0.900   -2.100   -0.900       -18.342180
   0.900   -2.100   -0.300       -23.897798
   0.900   -2.100    0.300        -0.276341
   0.900   -2.100    0.900        22.691785
   0.900   -2.100    1.500       166.473819
   0.900   -2.100    2.100       145.257467
   0.900   -1.500   -2.100         1.359092
   0.900   -1.500   -1.500        -0.545497
   0.900   -1.500   -0.900        -3.820913
   0.900   -1.500   -0.300        -4.166899
   0.900   -1.500    0.300         1.320099
   0.900   -1.500    0.900        10.038002
   0.900   -1.500    1.500        23.354066
   0.900   -1.500    2.100        16.245842
   0.900   -0.900   -2.100         1.156142
   0.900   -0.900   -1.500         1.107274
   0.900   -0.900   -0.900         0.682434
   0.900   -0.900   -0.300         0.425469
   0.900   -0.900    0.300         1.534141
   0.900   -0.900    0.900         3.709590
   0.900   -0.900    1.500         5.187211
   0.900   -0.900    2.100         2.722812
   0.900   -0.300   -2.100         0.941525
   0.900   -0.300   -1.500         1.246890
   0.900   -0.300   -0.900         1.325279
   0.900   -0.300   -0.300         1.123764
   0.900   -0.300    0.300         1.226073
   0.900   -0.300    0.900         1.727798
   0.900   -0.300    1.500         2.033209
   0.900   -0.300    2.100         1.486034
   0.900    0.300   -2.100         0.523869
   0.900    0.300   -1.500         0.708257
   0.900    0.300   -0.900         0.823545
   0.900    0.300   -0.300         0.844166
   0.900    0.300    0.300         1.003504
   0.900    0.300    0.900         1.471783
   0.900    0.300    1.500         2.204496
   0.900    0.300    2.100         2.721234
   0.900    0.900   -2.100         0.147773
   0.900    0.900   -1.500         0.237612
   0.900    0.900   -0.900         0.374368
   0.900    0.900   -0.300         0.581939
   0.900    0.900    0.300         0.999402
   0.900    0.900    0.900         1.932608
   0.900    0.900    1.500         4.045704
   0.900    0.900    2.100         7.386537
   0.900    1.500   -2.100        -0.111365
   0.900    1.500   -1.500        -0.027824
   0.900    1.500   -0.900         0.159746
   0.900    1.500   -0.300         0.487078
   0.900    1.500    0.300         1.077837
   0.900    1.500    0.900         2.345508
   0.900    1.500    1.500         5.682880
   0.900    1.500    2.100        13.361857
   0.900    2.100   -2.100        -0.326320
   0.900    2.100   -1.500        -0.172058
   0.900    2.100   -0.900         0.094327
   0.900    2.100   -0.300         0.487131
   0.900    2.100    0.300         1.088114
   0.900    2.100    0.900         2.162056
   0.900    2.100    1.500         4.404612
   0.900    2.100    2.100         7.919721
   1.500   -2.100   -2.100         0.314092
   1.500   -2.100   -1.500        -7.467711
   1.500   -2.100   -0.900       -33.639927
   1.500   -2.100   -0.300       -49.079782
   1.500   -2.100    0.300        -3.194277
   1.500   -2.100    0.900        18.176082
   1.500   -2.100    1.500        29.615562
   1.500   -2.100    2.100         6.569749
   1.500   -1.500   -2.100        -0.089660
   1.500   -1.500   -1.500        -2.956346
   1.500   -1.500   -0.900        -7.373926
   1.500   -1.500   -0.300        -7.749255
   1.500   -1.500    0.300        -1.178849
   1.500   -1.500    0.900         5.692134
   1.500   -1.500    1.500         9.514440
   1.500   -1.500    2.100        -3.203600
   1.500   -0.900   -2.100         0.269192
   1.500   -0.900   -1.500        -0.602373
   1.500   -0.900   -0.900        -1.552690
   1.500   -0.900   -0.300        -1.561621
   1.500   -0.900    0.300        -0.224966
   1.500   -0.900    0.900         1.373407
   1.500   -0.900    1.500         1.705293
   1.500   -0.900    2.100        -1.175832
   1.500   -0.300   -2.100         0.445783
   1.500   -0.300   -1.500         0.204858
   1.500   -0.300   -0.900        -0.048506
   1.500   -0.300   -0.300        -0.135166
   1.500   -0.300    0.300         0.043961
   1.500   -0.300    0.900         0.281885
   1.500   -0.300    1.500         0.298814
   1.500   -0.300    2.100         0.119854
   1.500    0.300   -2.100         0.392237
   1.500    0.300   -1.500         0.327154
   1.500    0.300   -0.900         0.263530
   1.500    0.300   -0.300         0.232634
   1.500    0.300    0.300         0.289711
   1.500    0.300    0.900         0.462073
   1.500    0.300    1.500         0.775327
   1.500    0.300    2.100         1.195968
   1.500    0.900   -2.100         0.249226
   1.500    0.900   -1.500         0.248395
   1.500    0.900   -0.900         0.280732
   1.500    0.900   -0.300         0.366248
   1.500    0.900    0.300         0.567476
   1.500    0.900    0.900         1.001351
   1.500    0.900    1.500         1.788775
   1.500    0.900    2.100         2.646886
   1.500    1.500   -2.100         0.104843
   1.500    1.500   -1.500         0.158477
   1.500    1.500   -0.900         0.269063
   1.500    1.500   -0.300         0.457205
   1.500    1.500    0.300         0.789196
   1.500    1.500    0.900         1.409523
   1.500    1.500    1.500         2.489272
   1.500    1.500    2.100         3.637656
   1.500    2.100   -2.100        -0.030094
   1.500    2.100   -1.500         0.099544
   1.500    2.100   -0.900         0.286690
   1.500    2.100   -0.300         0.537894
   1.500    2.100    0.300         0.902031
   1.500    2.100    0.900         1.474820
   1.500    2.100    1.500         2.322667
   1.500    2.100    2.100         3.056793
   2.100   -2.100   -2.100        -0.994566
   2.100   -2.100   -1.500        -5.809704
   2.100   -2.100   -0.900       -15.478110
   2.100   -2.100   -0.300       -17.449646
   2.100   -2.100    0.300        -2.277152
   2.100   -2.100    0.900         6.414084
   2.100   -2.100    1.500         4.064822
   2.100   -2.100    2.100        -9.855272
   2.100   -1.500   -2.100        -0.460220
   2.100   -1.500   -1.500        -2.719170
   2.100   -1.500   -0.900        -5.538273
   2.100   -1.500   -0.300        -5.792799
   2.100   -1.500    0.300        -2.515611
   2.100   -1.500    0.900        -0.234376
   2.100   -1.500    1.500        -1.381328
   2.100   -1.500    2.100        -6.197649
   2.100   -0.900   -2.100         0.073398
   2.100   -0.900   -1.500        -0.884421
   2.100   -0.900   -0.900        -1.825212
   2.100   -0.900   -0.300        -2.136025
   2.100   -0.900    0.300        -1.914235
   2.100   -0.900    0.900        -2.403419
   2.100   -0.900    1.500        -4.013213
   2.100   -0.900    2.100        -2.901642
   2.100   -0.300   -2.100         0.333207
   2.100   -0.300   -1.500        -0.102101
   2.100   -0.300   -0.900        -0.524959
   2.100   -0.300   -0.300        -0.868172
   2.100   -0.300    0.300        -1.284917
   2.100   -0.300    0.900        -2.153514
   2.100   -0.300    1.500        -3.180211
   2.100   -0.300    2.100        -2.099818
   2.100    0.300   -2.100         0.385388
   2.100    0.300   -1.500         0.168311
   2.100    0.300   -0.900        -0.042779
   2.100    0.300   -0.300        -0.271379
   2.100    0.300    0.300        -0.578197
   2.100    0.300    0.900        -0.998039
   2.100    0.300    1.500        -1.232037
   2.100    0.300    2.100        -0.530944
   2.100    0.900   -2.100         0.329687
   2.100    0.900   -1.500         0.237332
   2.100    0.900   -0.900         0.162128
   2.100    0.900   -0.300         0.090300
   2.100    0.900    0.300         0.024771
   2.100    0.900    0.900         0.020569
   2.100    0.900    1.500         0.224391
   2.100    0.900    2.100         0.759821
   2.100    1.500   -2.100         0.247665
   2.100    1.500   -1.500         0.247776
   2.100    1.500   -0.900         0.274874
   2.100    1.500   -0.300         0.329434
   2.100    1.500    0.300         0.435229
   2.100    1.500    0.900         0.647586
   2.100    1.500    1.500         1.014440
   2.100    1.500    2.100         1.447988
   2.100    2.100   -2.100         0.183554
   2.100    2.100   -1.500         0.262531
   2.100    2.100   -0.900         0.367215
   2.100    2.100   -0.300         0.497376
   2.100    2.100    0.300         0.675125
   2.100    2.100    0.900         0.934145
   2.100    2.100    1.500         1.271892
   2.100    2.100    2.100         1.568169
