  -2.100   -2.100   -2.100      7753.551339
  -2.100   -2.100   -1.500    242952.163573
  -2.100   -2.100   -0.900   1567435.485178
  -2.100   -2.100   -0.300    242074.858533
  -2.100   -2.100    0.300      7139.308281
  -2.100   -2.100    0.900       439.067098
  -2.100   -2.100    1.500      1745.590242
  -2.100   -2.100    2.100      9211.302793
  -2.100   -1.500   -2.100     57798.597987
  -2.100   -1.500   -1.500  15329378.521982
  -2.100   -1.500   -0.900 1488984098.186827
  -2.100   -1.500   -0.300  15263536.387184
  -2.100   -1.500    0.300     50852.891009
  -2.100   -1.500    0.900       843.039256
  -2.100   -1.500    1.500       241.078604
  -2.100   -1.500    2.100       734.739507
  -2.100   -0.900   -2.100    194235.775866
  -2.100   -0.900   -1.500  25073403.088213
  -2.100   -0.900   -0.900 690272997.720003
  -2.100   -0.900   -0.300  11400749.085199
  -2.100   -0.900    0.300     57827.873657
  -2.100   -0.900    0.900      1074.295765
  -2.100   -0.900    1.500        64.012045
  -2.100   -0.900    2.100        74.125401
  -2.100   -0.300   -2.100    521101.391066
  -2.100   -0.300   -1.500 302053296.894924
  -2.100   -0.300   -0.900 4698445563.399987
  -2.100   -0.300   -0.300   9148567.179560
  -2.100   -0.300    0.300     42188.109417
  -2.100   -0.300    0.900       891.964688
  -2.100   -0.300    1.500        42.520510
  -2.100   -0.300    2.100        17.712340
  -2.100    0.300   -2.100    272531.887107
  -2.100    0.300   -1.500  46733640.986795
  -2.100    0.300   -0.900 121777639.532609
  -2.100    0.300   -0.300   1320530.470189
  -2.100    0.300    0.300     16790.799075
  -2.100    0.300    0.900       511.738318
  -2.100    0.300    1.500        52.190630
  -2.100    0.300    2.100        97.429917
  -2.100    0.900   -2.100    802574.564445
  -2.100    0.900   -1.500 6035656790.756043
  -2.100    0.900   -0.900 59237933377.309135
  -2.100    0.900   -0.300   3409567.680140
  -2.100    0.900    0.300     10102.611447
  -2.100    0.900    0.900       322.911693
  -2.100    0.900    1.500       213.333785
  -2.100    0.900    2.100       905.859380
  -2.100    1.500   -2.100    102560.135148
  -2.100    1.500   -1.500  12361271.333819
  -2.100    1.500   -0.900  25352119.158374
  -2.100    1.500   -0.300    276517.551990
  -2.100    1.500    0.300      3260.609522
  -2.100    1.500    0.900       678.937061
  -2.100    1.500    1.500      2221.994444
  -2.100    1.500    2.100     14091.544508
  -2.100    2.100   -2.100      3118.144690
  -2.100    2.100   -1.500     28275.995364
  -2.100    2.100   -0.900     36362.206230
  -2.100    2.100   -0.300      5375.418614
  -2.100    2.100    0.300      1172.010373
  -2.100    2.100    0.900     12229.743916
  -2.100    2.100    1.500    110592.097466
  -2.100    2.100    2.100    335608.505689
  -1.500   -2.100   -2.100     13388.622899
  -1.500   -2.100   -1.500    770196.073479
  -1.500   -2.100   -0.900   8127427.719923
  -1.500   -2.100   -0.300    770001.127133
  -1.500   -2.100    0.300     12981.175725
  -1.500   -2.100    0.900       415.471857
  -1.500   -2.100    1.500       236.083372
  -1.500   -2.100    2.100       475.760301
  -1.500   -1.500   -2.100    118028.639410
  -1.500   -1.500   -1.500 203311577.232227
  -1.500   -1.500   -0.900 6501024351867.280273
  -1.500   -1.500   -0.300 203307838.928253
  -1.500   -1.500    0.300    117107.877941
  -1.500   -1.500    0.900      1116.284384
  -1.500   -1.500    1.500       114.813484
  -1.500   -1.500    2.100       135.797534
  -1.500   -0.900   -2.100    105748.671635
  -1.500   -0.900   -1.500 107398390.120765
  -1.500   -0.900   -0.900 342458470302.605774
  -1.500   -0.900   -0.300 107322825.329361
  -1.500   -0.900    0.300     98425.904622
  -1.500   -0.900    0.900      1086.879237
  -1.500   -0.900    1.500        55.424701
  -1.500   -0.900    2.100        32.414571
  -1.500   -0.300   -2.100     29216.127788
  -1.500   -0.300   -1.500    713995.746074
  -1.500   -0.300   -0.900   3502221.717117
  -1.500   -0.300   -0.300    452156.858547
  -1.500   -0.300    0.300     12530.093457
  -1.500   -0.300    0.900       459.241085
  -1.500   -0.300    1.500        31.157684
  -1.500   -0.300    2.100        42.978619
  -1.500    0.300   -2.100     19583.067646
  -1.500    0.300   -1.500    298540.142034
  -1.500    0.300   -0.900    456931.239409
  -1.500    0.300   -0.300     52088.413729
  -1.500    0.300    0.300      2965.021958
  -1.500    0.300    0.900       188.368530
  -1.500    0.300    1.500        68.110487
  -1.500    0.300    2.100       481.809012
  -1.500    0.900   -2.100     31678.928144
  -1.500    0.900   -1.500   1124469.419335
  -1.500    0.900   -0.900   1801907.181670
  -1.500    0.900   -0.300     70723.287254
  -1.500    0.900    0.300      1829.568812
  -1.500    0.900    0.900       132.936063
  -1.500    0.900    1.500       374.947046
  -1.500    0.900    2.100      5110.177783
  -1.500    1.500   -2.100      8620.977980
  -1.500    1.500   -1.500    130237.709729
  -1.500    1.500   -0.900    180406.198295
  -1.500    1.500   -0.300     16350.833548
  -1.500    1.500    0.300       759.294709
  -1.500    1.500    0.900       453.506356
  -1.500    1.500    1.500      2615.890391
  -1.500    1.500    2.100     43882.153431
  -1.500    2.100   -2.100       721.803704
  -1.500    2.100   -1.500      3553.087956
  -1.500    2.100   -0.900      4231.221744
  -1.500    2.100   -0.300      1069.283509
  -1.500    2.100    0.300       687.385183
  -1.500    2.100    0.900      8284.015556
  -1.500    2.100    1.500     69557.460489
  -1.500    2.100    2.100    968946.503362
  -0.900   -2.100   -2.100      4503.363488
  -0.900   -2.100   -1.500     87691.320689
  -0.900   -2.100   -0.900    408175.813372
  -0.900   -2.100   -0.300     87604.801783
  -0.900   -2.100    0.300      4056.126215
  -0.900   -2.100    0.900      1177.731957
  -0.900   -2.100    1.500      3426.438169
  -0.900   -2.100    2.100      3379.885376
  -0.900   -1.500   -2.100     22291.457151
  -0.900   -1.500   -1.500   2336833.719311
  -0.900   -1.500   -0.900  45708736.881726
  -0.900   -1.500   -0.300   2336689.893948
  -0.900   -1.500    0.300     22261.863143
  -0.900   -1.500    0.900       916.457975
  -0.900   -1.500    1.500      1346.925769
  -0.900   -1.500    2.100      1319.800993
  -0.900   -0.900   -2.100     19588.020720
  -0.900   -0.900   -1.500   1711685.925887
  -0.900   -0.900   -0.900  27610338.415762
  -0.900   -0.900   -0.300   1710813.549910
  -0.900   -0.900    0.300     19311.561985
  -0.900   -0.900    0.900       534.639256
  -0.900   -0.900    1.500       238.392479
  -0.900   -0.900    2.100       226.197824
  -0.900   -0.300   -2.100      3609.556638
  -0.900   -0.300   -1.500     54927.548149
  -0.900   -0.300   -0.900    211767.283421
  -0.900   -0.300   -0.300     53146.064120
  -0.900   -0.300    0.300      3075.378119
  -0.900   -0.300    0.900       178.356131
  -0.900   -0.300    1.500        47.128159
  -0.900   -0.300    2.100       122.155975
  -0.900    0.300   -2.100      1067.489777
  -0.900    0.300   -1.500      4963.817299
  -0.900    0.300   -0.900      7184.596247
  -0.900    0.300   -0.300      2755.507638
  -0.900    0.300    0.300       440.144931
  -0.900    0.300    0.900        56.661525
  -0.900    0.300    1.500       135.434614
  -0.900    0.300    2.100      1847.324167
  -0.900    0.900   -2.100       913.485124
  -0.900    0.900   -1.500      4808.084463
  -0.900    0.900   -0.900      5818.521383
  -0.900    0.900   -0.300      1460.586478
  -0.900    0.900    0.300       182.342486
  -0.900    0.900    0.900        62.485434
  -0.900    0.900    1.500       853.694400
  -0.900    0.900    2.100     38405.502796
  -0.900    1.500   -2.100       396.583347
  -0.900    1.500   -1.500      1746.577122
  -0.900    1.500   -0.900      2046.762750
  -0.900    1.500   -0.300       585.410084
  -0.900    1.500    0.300       102.685557
  -0.900    1.500    0.900       208.091677
  -0.900    1.500    1.500      2816.161995
  -0.900    1.500    2.100    255312.560571
  -0.900    2.100   -2.100       116.578187
  -0.900    2.100   -1.500       238.143698
  -0.900    2.100   -0.900       253.448796
  -0.900    2.100   -0.300       112.339893
  -0.900    2.100    0.300       196.875678
  -0.900    2.100    0.900      1622.891890
  -0.900    2.100    1.500     10852.350147
  -0.900    2.100    2.100    285115.480671
  -0.300   -2.100   -2.100      1240.577751
  -0.300   -2.100   -1.500      3310.230191
  -0.300   -2.100   -0.900      7382.213201
  -0.300   -2.100   -0.300      3889.746823
  -0.300   -2.100    0.300      2665.165145
  -0.300   -2.100    0.900     36475.003138
  -0.300   -2.100    1.500    421189.083592
  -0.300   -2.100    2.100    408435.154365
  -0.300   -1.500   -2.100      1346.341527
  -0.300   -1.500   -1.500     15492.918044
  -0.300   -1.500   -0.900     47259.490630
  -0.300   -1.500   -0.300     15645.431752
  -0.300   -1.500    0.300      2103.720871
  -0.300   -1.500    0.900      9595.127124
  -0.300   -1.500    1.500     62217.894316
  -0.300   -1.500    2.100     60893.579803
  -0.300   -0.900   -2.100      1204.863552
  -0.300   -0.900   -1.500     13513.850769
  -0.300   -0.900   -0.900     40036.931539
  -0.300   -0.900   -0.300     13517.051436
  -0.300   -0.900    0.300      1334.275133
  -0.300   -0.900    0.900      1000.533358
  -0.300   -0.900    1.500      3120.002301
  -0.300   -0.900    2.100      3100.559387
  -0.300   -0.300   -2.100       364.040117
  -0.300   -0.300   -1.500      2272.098327
  -0.300   -0.300   -0.900      4888.060084
  -0.300   -0.300   -0.300      2234.447282
  -0.300   -0.300    0.300       357.619522
  -0.300   -0.300    0.900       106.523824
  -0.300   -0.300    1.500       180.597219
  -0.300   -0.300    2.100       275.855248
  -0.300    0.300   -2.100        89.495017
  -0.300    0.300   -1.500       295.208835
  -0.300    0.300   -0.900       435.265561
  -0.300    0.300   -0.300       244.821044
  -0.300    0.300    0.300        62.286430
  -0.300    0.300    0.900        21.438081
  -0.300    0.300    1.500       152.175262
  -0.300    0.300    2.100      2225.764718
  -0.300    0.900   -2.100        42.088104
  -0.300    0.900   -1.500       118.196649
  -0.300    0.900   -0.900       136.912241
  -0.300    0.900   -0.300        65.414841
  -0.300    0.900    0.300        16.437931
  -0.300    0.900    0.900        37.563122
  -0.300    0.900    1.500       929.378667
  -0.300    0.900    2.100     52656.564934
  -0.300    1.500   -2.100        19.381378
  -0.300    1.500   -1.500        52.307461
  -0.300    1.500   -0.900        57.638200
  -0.300    1.500   -0.300        25.582803
  -0.300    1.500    0.300        11.831405
  -0.300    1.500    0.900        90.562073
  -0.300    1.500    1.500      2499.417259
  -0.300    1.500    2.100    384155.073326
  -0.300    2.100   -2.100        27.771554
  -0.300    2.100   -1.500        20.654657
  -0.300    2.100   -0.900        14.927235
  -0.300    2.100   -0.300         8.531001
  -0.300    2.100    0.300        32.902722
  -0.300    2.100    0.900       229.977335
  -0.300    2.100    1.500      2393.023623
  -0.300    2.100    2.100    146153.449421
   0.300   -2.100   -2.100       765.349966
   0.300   -2.100   -1.500      3077.242781
   0.300   -2.100   -0.900     32396.486925
   0.300   -2.100   -0.300     59365.988717
   0.300   -2.100    0.300     31522.826470
   0.300   -2.100    0.900   1753774.360850
   0.300   -2.100    1.500 817055567.699218
   0.300   -2.100    2.100 733865691.508776
   0.300   -1.500   -2.100       138.411851
   0.300   -1.500   -1.500       679.364187
   0.300   -1.500   -0.900      2474.734175
   0.300   -1.500   -0.300      3358.019856
   0.300   -1.500    0.300      5413.157919
   0.300   -1.500    0.900    169597.109395
   0.300   -1.500    1.500   5181508.756988
   0.300   -1.500    2.100   4948443.789874
   0.300   -0.900   -2.100        78.580755
   0.300   -0.900   -1.500       321.186016
   0.300   -0.900   -0.900       607.057747
   0.300   -0.900   -0.300       461.141033
   0.300   -0.900    0.300       649.795690
   0.300   -0.900    0.900      5676.670507
   0.300   -0.900    1.500     30981.593755
   0.300   -0.900    2.100     30750.175498
   0.300   -0.300   -2.100        32.387912
   0.300   -0.300   -1.500       104.673379
   0.300   -0.300   -0.900       168.867194
   0.300   -0.300   -0.300       113.186564
   0.300   -0.300    0.300        78.465024
   0.300   -0.300    0.900       244.864501
   0.300   -0.300    1.500       647.614795
   0.300   -0.300    2.100       725.159348
   0.300    0.300   -2.100         8.803789
   0.300    0.300   -1.500        20.829240
   0.300    0.300   -0.900        29.036538
   0.300    0.300   -0.300        18.376420
   0.300    0.300    0.300         7.442295
   0.300    0.300    0.900        16.554057
   0.300    0.300    1.500        89.793271
   0.300    0.300    2.100       729.201868
   0.300    0.900   -2.100         1.014394
   0.300    0.900   -1.500         3.077513
   0.300    0.900   -0.900         3.690307
   0.300    0.900   -0.300         0.315551
   0.300    0.900    0.300        -1.995533
   0.300    0.900    0.900        14.273667
   0.300    0.900    1.500       326.885317
   0.300    0.900    2.100      8332.068671
   0.300    1.500   -2.100        -1.814157
   0.300    1.500   -1.500        -1.534936
   0.300    1.500   -0.900        -1.818049
   0.300    1.500   -0.300        -3.207931
   0.300    1.500    0.300        -2.012327
   0.300    1.500    0.900        29.748624
   0.300    1.500    1.500       735.868962
   0.300    1.500    2.100     33629.346116
   0.300    2.100   -2.100         5.698407
   0.300    2.100   -1.500         0.449756
   0.300    2.100   -0.900        -2.352968
   0.300    2.100   -0.300        -3.369004
   0.300    2.100    0.300         1.012597
   0.300    2.100    0.900        38.903513
   0.300    2.100    1.500       567.124542
   0.300    2.100    2.100     16987.219020
   0.900   -2.100   -2.100       957.753631
   0.900   -2.100   -1.500     44236.973806
   0.900   -2.100   -0.900   4160563.896393
   0.900   -2.100   -0.300  16714211.072798
   0.900   -2.100    0.300    686354.067331
   0.900   -2.100    0.900  11137990.856624
   0.900   -2.100    1.500 1902659823605.588135
   0.900   -2.100    2.100 1298511162843.408936
   0.900   -1.500   -2.100       241.920880
   0.900   -1.500   -1.500      2351.066420
   0.900   -1.500   -0.900     24838.952824
   0.900   -1.500   -0.300     44220.633559
   0.900   -1.500    0.300     19178.265958
   0.900   -1.500    0.900    547446.442522
   0.900   -1.500    1.500  48897038.191820
   0.900   -1.500    2.100  45794167.918069
   0.900   -0.900   -2.100       127.528968
   0.900   -0.900   -1.500       145.336292
   0.900   -0.900   -0.900       444.513595
   0.900   -0.900   -0.300       662.391344
   0.900   -0.900    0.300      1114.789309
   0.900   -0.900    0.900     10831.133614
   0.900   -0.900    1.500     73344.349569
   0.900   -0.900    2.100     76726.015159
   0.900   -0.300   -2.100        76.216077
   0.900   -0.300   -1.500        27.490988
   0.900   -0.300   -0.900        23.924850
   0.900   -0.300   -0.300        31.765702
   0.900   -0.300    0.300        80.109884
   0.900   -0.300    0.900       364.860064
   0.900   -0.300    1.500      1048.971839
   0.900   -0.300    2.100      1324.698556
   0.900    0.300   -2.100        45.956746
   0.900    0.300   -1.500         8.425236
   0.900    0.300   -0.900         0.099830
   0.900    0.300   -0.300        -1.252211
   0.900    0.300    0.300         2.149245
   0.900    0.300    0.900        18.122479
   0.900    0.300    1.500        57.898694
   0.900    0.300    2.100       168.433716
   0.900    0.900   -2.100        22.237383
   0.900    0.900   -1.500         1.128399
   0.900    0.900   -0.900        -3.629903
   0.900    0.900   -0.300        -4.717410
   0.900    0.900    0.300        -4.514721
   0.900    0.900    0.900         0.918898
   0.900    0.900    1.500        53.390314
   0.900    0.900    2.100       553.853272
   0.900    1.500   -2.100         4.694725
   0.900    1.500   -1.500        -2.686245
   0.900    1.500   -0.900        -4.606058
   0.900    1.500   -0.300        -5.087921
   0.900    1.500    0.300        -4.689862
   0.900    1.500    0.900         2.836988
   0.900    1.500    1.500        96.697798
   0.900    1.500    2.100      1291.307303
   0.900    2.100   -2.100         0.590074
   0.900    2.100   -1.500        -2.835264
   0.900    2.100   -0.900        -4.296482
   0.900    2.100   -0.300        -4.845461
   0.900    2.100    0.300        -4.274162
   0.900    2.100    0.900         3.117149
   0.900    2.100    1.500        77.380477
   0.900    2.100    2.100       863.164444
   1.500   -2.100   -2.100      1906.068919
   1.500   -2.100   -1.500    118934.428560
   1.500   -2.100   -0.900  43578507.985579
   1.500   -2.100   -0.300 389267696.593785
   1.500   -2.100    0.300   3773342.167721
   1.500   -2.100    0.900   5515855.342534
   1.500   -2.100    1.500 132178719.221419
   1.500   -2.100    2.100 126734778.479806
   1.500   -1.500   -2.100      2598.342141
   1.500   -1.500   -1.500      4506.971971
   1.500   -1.500   -0.900     60514.528906
   1.500   -1.500   -0.300    117343.796563
   1.500   -1.500    0.300     30019.960477
   1.500   -1.500    0.900    118938.742578
   1.500   -1.500    1.500   2218555.614579
   1.500   -1.500    2.100   3234661.463602
   1.500   -0.900   -2.100      2803.296817
   1.500   -0.900   -1.500       532.620707
   1.500   -0.900   -0.900       695.816660
   1.500   -0.900   -0.300       991.477793
   1.500   -0.900    0.300       992.311622
   1.500   -0.900    0.900      4706.029072
   1.500   -0.900    1.500     23081.156600
   1.500   -0.900    2.100     52033.182841
   1.500   -0.300   -2.100      1212.009951
   1.500   -0.300   -1.500       198.755872
   1.500   -0.300   -0.900        41.145306
   1.500   -0.300   -0.300        33.702084
   1.500   -0.300    0.300        69.417909
   1.500   -0.300    0.900       275.830003
   1.500   -0.300    1.500       909.911135
   1.500   -0.300    2.100      2673.220465
   1.500    0.300   -2.100       629.470528
   1.500    0.300   -1.500        79.420432
   1.500    0.300   -0.900         6.770025
   1.500    0.300   -0.300        -1.753013
   1.500    0.300    0.300         2.457649
   1.500    0.300    0.900        24.371836
   1.500    0.300    1.500        87.827894
   1.500    0.300    2.100       236.127867
   1.500    0.900   -2.100       291.920079
   1.500    0.900   -1.500        32.419241
   1.500    0.900   -0.900        -0.440039
   1.500    0.900   -0.300        -4.609528
   1.500    0.900    0.300        -4.531859
   1.500    0.900    0.900        -1.369173
   1.500    0.900    1.500        10.874572
   1.500    0.900    2.100        52.422092
   1.500    1.500   -2.100        70.436314
   1.500    1.500   -1.500         7.328497
   1.500    1.500   -0.900        -3.100776
   1.500    1.500   -0.300        -4.670781
   1.500    1.500    0.300        -4.963565
   1.500    1.500    0.900        -3.855659
   1.500    1.500    1.500         5.834894
   1.500    1.500    2.100        59.274532
   1.500    2.100   -2.100         8.976808
   1.500    2.100   -1.500        -1.142734
   1.500    2.100   -0.900        -3.350548
   1.500    2.100   -0.300        -3.946901
   1.500    2.100    0.300        -4.437484
   1.500    2.100    0.900        -3.675435
   1.500    2.100    1.500         4.740883
   1.500    2.100    2.100        47.399091
   2.100   -2.100   -2.100     13199.897151
   2.100   -2.100   -1.500     22276.517386
   2.100   -2.100   -0.900    956989.841751
   2.100   -2.100   -0.300   2785172.565085
   2.100   -2.100    0.300    633028.872444
   2.100   -2.100    0.900    893225.997305
   2.100   -2.100    1.500    233764.995446
   2.100   -2.100    2.100   1806949.863225
   2.100   -1.500   -2.100    119401.800605
   2.100   -1.500   -1.500      5943.303673
   2.100   -1.500   -0.900     12943.010066
   2.100   -1.500   -0.300     21929.941029
   2.100   -1.500    0.300     10724.778400
   2.100   -1.500    0.900     14303.359505
   2.100   -1.500    1.500     50318.517490
   2.100   -1.500    2.100   1252204.940003
   2.100   -0.900   -2.100    151110.366804
   2.100   -0.900   -1.500      5253.678480
   2.100   -0.900   -0.900       523.735110
   2.100   -0.900   -0.300       468.705859
   2.100   -0.900    0.300       536.102178
   2.100   -0.900    0.900      2579.663603
   2.100   -0.900    1.500     23725.362920
   2.100   -0.900    2.100    375213.377225
   2.100   -0.300   -2.100     24472.141730
   2.100   -0.300   -1.500      1699.294318
   2.100   -0.300   -0.900       122.268987
   2.100   -0.300   -0.300        28.541307
   2.100   -0.300    0.300        85.209832
   2.100   -0.300    0.900       764.572547
   2.100   -0.300    1.500      5649.068372
   2.100   -0.300    2.100     25893.192170
   2.100    0.300   -2.100      8350.960250
   2.100    0.300   -1.500       474.659057
   2.100    0.300   -0.900        36.447892
   2.100    0.300   -0.300         0.980558
   2.100    0.300    0.300        12.344030
   2.100    0.300    0.900       113.936820
   2.100    0.300    1.500       531.685586
   2.100    0.300    2.100      1360.561523
   2.100    0.900   -2.100      3116.293763
   2.100    0.900   -1.500       178.997818
   2.100    0.900   -0.900        10.844982
   2.100    0.900   -0.300        -3.013897
   2.100    0.900    0.300        -2.539663
   2.100    0.900    0.900         7.564303
   2.100    0.900    1.500        36.619785
   2.100    0.900    2.100        80.378328
   2.100    1.500   -2.100       479.538126
   2.100    1.500   -1.500        46.023922
   2.100    1.500   -0.900         3.745172
   2.100    1.500   -0.300        -1.015098
   2.100    1.500    0.300        -2.964261
   2.100    1.500    0.900        -3.524221
   2.100    1.500    1.500        -1.470931
   2.100    1.500    2.100         4.293542
   2.100    2.100   -2.100        51.075379
   2.100    2.100   -1.500        12.746898
   2.100    2.100   -0.900        11.445425
   2.100    2.100   -0.300         9.730542
   2.100    2.100    0.300         2.800210
   2.100    2.100    0.900        -2.271084
   2.100    2.100    1.500        -2.921621
   2.100    2.100    2.100         1.391564
